ACCELEROMETER X (m/s²),ACCELEROMETER Y (m/s²),ACCELEROMETER Z (m/s²),LINEAR ACCELERATION X (m/s²),LINEAR ACCELERATION Y (m/s²),LINEAR ACCELERATION Z (m/s²),GYROSCOPE X (rad/s),GYROSCOPE Y (rad/s),GYROSCOPE Z (rad/s),MAGNETIC FIELD X (μT),MAGNETIC FIELD Y (μT),MAGNETIC FIELD Z (μT)
0.019388,-3.9263739999999996,11.289228999999999,0.635948,-0.376929,1.499241,0.677688,0.428476,0.130399,-8.8599,-16.3259,-34.0341
0.019388,-3.9263739999999996,11.289228999999999,0.635948,-0.376929,1.499241,0.677688,0.428476,0.130399,-8.8599,-16.3259,-34.0341
-0.418988,-4.010217,10.496319,0.635948,-0.376929,1.499241,0.677688,0.428476,0.130399,-8.8599,-16.3259,-34.0341
-0.418988,-4.010217,10.496319,0.187107,-0.651215,0.392914,0.096198,0.018451,-0.22211599999999998,-8.7893,-17.044,-33.4792
-0.418988,-4.010217,10.496319,0.187107,-0.651215,0.392914,0.096198,0.018451,-0.22211599999999998,-8.7893,-17.044,-33.4792
-0.720821,-4.12041,10.781384,0.187107,-0.651215,0.392914,0.096198,0.018451,-0.22211599999999998,-8.7893,-17.044,-33.4792
-0.720821,-4.12041,10.781384,0.187107,-0.651215,0.392914,0.096198,0.018451,-0.22211599999999998,-8.7893,-17.044,-33.4792
-0.720821,-4.12041,10.781384,0.187107,-0.651215,0.392914,0.096198,0.018451,-0.22211599999999998,-8.7893,-17.044,-33.4792
-0.73759,-4.091664,10.846062,-0.236688,-0.762125,0.7653800000000001,-0.033732,-0.268034,-0.443636,-8.6355,-17.9717,-33.2688
-0.73759,-4.091664,10.846062,-0.236688,-0.762125,0.7653800000000001,-0.033732,-0.268034,-0.443636,-8.6355,-17.9717,-33.2688
-0.73759,-4.091664,10.846062,-0.236688,-0.762125,0.7653800000000001,-0.033732,-0.268034,-0.443636,-8.6355,-17.9717,-33.2688
-1.0466090000000001,-4.0725,11.040097,-1.047687,-0.848244,1.059283,0.15903299999999998,-0.470384,-0.35417600000000005,-8.6355,-17.9717,-33.2688
-1.0466090000000001,-4.0725,11.040097,-1.047687,-0.848244,1.059283,0.15903299999999998,-0.470384,-0.35417600000000005,-8.2907,-18.2043,-33.6689
-1.0466090000000001,-4.0725,11.040097,-1.047687,-0.848244,1.059283,0.15903299999999998,-0.470384,-0.35417600000000005,-8.2907,-18.2043,-33.6689
-1.0466090000000001,-4.0725,11.040097,-1.047687,-0.848244,1.059283,0.15903299999999998,-0.470384,-0.35417600000000005,-8.2907,-18.2043,-33.6689
-1.0466090000000001,-4.0725,11.040097,-1.047687,-0.848244,1.059283,0.15903299999999998,-0.470384,-0.35417600000000005,-8.2907,-18.2043,-33.6689
0.096044,-3.279589,10.704727,-0.002601,-0.15829000000000001,0.5719420000000001,0.19950299999999999,-0.45334399999999997,-0.206141,-8.7557,-18.0577,-33.9074
0.096044,-3.279589,10.704727,-0.002601,-0.15829000000000001,0.5719420000000001,0.19950299999999999,-0.45334399999999997,-0.206141,-8.7557,-18.0577,-33.9074
0.096044,-3.279589,10.704727,-0.002601,-0.15829000000000001,0.5719420000000001,0.19950299999999999,-0.45334399999999997,-0.206141,-8.7557,-18.0577,-33.9074
-0.102782,-5.243899,9.545305,-0.407475,-2.167138,-1.034659,0.527523,-0.096569,-0.060236000000000005,-8.7557,-18.0577,-33.9074
-0.102782,-5.243899,9.545305,-0.407475,-2.167138,-1.034659,0.527523,-0.096569,-0.060236000000000005,-9.1921,-18.4765,-33.3228
-0.102782,-5.243899,9.545305,-0.407475,-2.167138,-1.034659,0.527523,-0.096569,-0.060236000000000005,-9.1921,-18.4765,-33.3228
-0.292027,-5.0019540000000005,7.576205,-0.407475,-2.167138,-1.034659,0.527523,-0.096569,-0.060236000000000005,-9.1921,-18.4765,-33.3228
-0.292027,-5.0019540000000005,7.576205,-0.407142,-1.8469369999999998,-2.826252,0.536043,-0.188159,-0.156086,-9.1236,-19.0571,-33.1382
-0.6992619999999999,-4.9923720000000005,7.118664,-0.407142,-1.8469369999999998,-2.826252,0.536043,-0.188159,-0.156086,-9.1236,-19.0571,-33.1382
-0.6992619999999999,-4.9923720000000005,7.118664,-1.094057,-2.0635529999999997,-3.4605019999999995,0.5296529999999999,-0.306374,-0.369086,-9.3764,-19.6585,-32.4523
-0.6992619999999999,-4.9923720000000005,7.118664,-1.094057,-2.0635529999999997,-3.4605019999999995,0.5296529999999999,-0.306374,-0.369086,-9.3764,-19.6585,-32.4523
-0.8405959999999999,-4.738449,6.804854,-1.094057,-2.0635529999999997,-3.4605019999999995,0.5296529999999999,-0.306374,-0.369086,-9.3764,-19.6585,-32.4523
-0.8405959999999999,-4.738449,6.804854,-1.094057,-2.0635529999999997,-3.4605019999999995,0.5296529999999999,-0.306374,-0.369086,-9.3764,-19.6585,-32.4523
-0.8405959999999999,-4.738449,6.804854,-1.221252,-2.0529830000000002,-3.4525629999999996,0.806553,-0.292529,-0.320096,-9.7156,-19.8499,-32.2387
-0.754358,-4.834269,7.00368,-1.221252,-2.0529830000000002,-3.4525629999999996,0.806553,-0.292529,-0.320096,-9.7156,-19.8499,-32.2387
-0.754358,-4.834269,7.00368,-1.221252,-2.0529830000000002,-3.4525629999999996,0.806553,-0.292529,-0.320096,-9.7156,-19.8499,-32.2387
-0.754358,-4.834269,7.00368,-1.215743,-2.498402,-3.305993,1.356093,0.046141,-0.124136,-9.7156,-19.8499,-32.2387
-0.663329,-4.692933999999999,6.704242999999999,-1.215743,-2.498402,-3.305993,1.356093,0.046141,-0.124136,-9.2982,-20.8688,-31.0757
-0.663329,-4.692933999999999,6.704242999999999,-1.215743,-2.498402,-3.305993,1.356093,0.046141,-0.124136,-9.2982,-20.8688,-31.0757
-0.663329,-4.692933999999999,6.704242999999999,-1.215743,-2.498402,-3.305993,1.356093,0.046141,-0.124136,-9.2982,-20.8688,-31.0757
-0.5052260000000001,-4.436616000000001,6.0718309999999995,-1.096776,-2.44853,-4.041059,1.589328,0.203761,0.051588999999999996,-9.386000000000001,-21.7921,-30.8091
-0.5052260000000001,-4.436616000000001,6.0718309999999995,-1.096776,-2.44853,-4.041059,1.589328,0.203761,0.051588999999999996,-9.386000000000001,-21.7921,-30.8091
-0.5052260000000001,-4.436616000000001,6.0718309999999995,-1.096776,-2.44853,-4.041059,1.589328,0.203761,0.051588999999999996,-9.386000000000001,-21.7921,-30.8091
-0.931625,-3.226888,5.331621,-1.105687,-2.101,-5.212864,1.530753,0.269791,0.32103400000000004,-9.386000000000001,-21.7921,-30.8091
-0.931625,-3.226888,5.331621,-1.105687,-2.101,-5.212864,1.530753,0.269791,0.32103400000000004,-9.2173,-23.7034,-28.9165
-0.931625,-3.226888,5.331621,-1.105687,-2.101,-5.212864,1.530753,0.269791,0.32103400000000004,-9.2173,-23.7034,-28.9165
-0.9076700000000001,-2.091422,6.098180999999999,-1.138204,-1.475701,-4.47269,1.530753,0.269791,0.32103400000000004,-9.2173,-23.7034,-28.9165
-0.9076700000000001,-2.091422,6.098180999999999,-1.138204,-1.475701,-4.47269,1.366743,0.11643099999999999,0.41368900000000003,-9.2173,-23.7034,-28.9165
-0.41180200000000006,-1.27216,5.77958,-1.138204,-1.475701,-4.47269,1.366743,0.11643099999999999,0.41368900000000003,-9.3006,-24.8738,-27.4837
-0.41180200000000006,-1.27216,5.77958,-0.737226,-0.879656,-4.523118,1.366743,0.11643099999999999,0.41368900000000003,-9.3006,-24.8738,-27.4837
-0.41180200000000006,-1.27216,5.77958,-0.737226,-0.879656,-4.523118,1.366743,0.11643099999999999,0.41368900000000003,-9.3006,-24.8738,-27.4837
0.14874500000000002,-0.685263,5.386718,-0.737226,-0.879656,-4.523118,0.8821680000000001,-0.153014,0.269914,-9.2639,-25.9604,-25.5091
0.14874500000000002,-0.685263,5.386718,-0.07536699999999999,-0.533112,-5.042266000000001,0.8821680000000001,-0.153014,0.269914,-9.2639,-25.9604,-25.5091
0.14874500000000002,-0.685263,5.386718,-0.07536699999999999,-0.533112,-5.042266000000001,0.8821680000000001,-0.153014,0.269914,-9.2639,-25.9604,-25.5091
0.584726,-0.172626,5.1902870000000005,-0.07536699999999999,-0.533112,-5.042266000000001,0.432738,-0.318089,0.008989,-9.7189,-26.4596,-24.4585
0.584726,-0.172626,5.1902870000000005,0.481026,0.044726999999999996,-5.242479,0.432738,-0.318089,0.008989,-9.7189,-26.4596,-24.4585
0.584726,-0.172626,5.1902870000000005,0.481026,0.044726999999999996,-5.242479,0.432738,-0.318089,0.008989,-9.7189,-26.4596,-24.4585
0.5775399999999999,0.08369299999999999,5.1831,0.481026,0.044726999999999996,-5.242479,-0.13384200000000002,-0.671669,-0.387191,-9.7189,-26.4596,-24.4585
0.5775399999999999,0.08369299999999999,5.1831,0.11376099999999999,-0.013013,-5.036834,-0.13384200000000002,-0.671669,-0.387191,-9.8505,-27.0493,-23.1907
0.5775399999999999,0.08369299999999999,5.1831,0.11376099999999999,-0.013013,-5.036834,-0.13384200000000002,-0.671669,-0.387191,-9.8505,-27.0493,-23.1907
0.5775399999999999,0.08369299999999999,5.1831,0.11376099999999999,-0.013013,-5.036834,-0.13384200000000002,-0.671669,-0.387191,-9.8505,-27.0493,-23.1907
0.932074,-0.0265,5.659805,0.313473,0.077257,-4.713078,-0.42884700000000003,-0.663149,-0.490496,-9.8526,-26.8777,-22.8644
0.932074,-0.0265,5.659805,0.313473,0.077257,-4.713078,-0.42884700000000003,-0.663149,-0.490496,-9.8526,-26.8777,-22.8644
0.932074,-0.0265,5.659805,0.313473,0.077257,-4.713078,-0.42884700000000003,-0.663149,-0.490496,-9.8526,-26.8777,-22.8644
1.023103,-0.654121,6.864741,0.147586,-0.301578,-3.497172,-0.737697,-0.32021900000000003,-0.554396,-9.8526,-26.8777,-22.8644
1.023103,-0.654121,6.864741,0.147586,-0.301578,-3.497172,-0.737697,-0.32021900000000003,-0.554396,-10.4392,-26.6504,-22.8341
1.023103,-0.654121,6.864741,0.147586,-0.301578,-3.497172,-0.737697,-0.32021900000000003,-0.554396,-10.4392,-26.6504,-22.8341
0.948842,-1.011051,7.981044,0.032924,-0.5308109999999999,-2.18663,-0.678057,-0.11041400000000001,-0.512861,-10.4392,-26.6504,-22.8341
0.948842,-1.011051,7.981044,0.032924,-0.5308109999999999,-2.18663,-0.678057,-0.11041400000000001,-0.512861,-10.076,-26.759,-23.391
0.948842,-1.011051,7.981044,0.032924,-0.5308109999999999,-2.18663,-0.678057,-0.11041400000000001,-0.512861,-10.076,-26.759,-23.391
0.704501,-1.4110989999999999,7.978649000000001,-0.247852,-0.75064,-2.164748,-0.330867,0.10791099999999999,-0.405296,-10.076,-26.759,-23.391
0.704501,-1.4110989999999999,7.978649000000001,-0.247852,-0.75064,-2.164748,-0.330867,0.10791099999999999,-0.405296,-10.076,-26.759,-23.391
0.704501,-1.4110989999999999,7.978649000000001,-0.247852,-0.75064,-2.164748,-0.330867,0.10791099999999999,-0.405296,-10.076,-26.759,-23.391
0.704501,-1.823125,7.7007710000000005,-0.268205,-1.056303,-2.4170279999999997,-0.255252,0.203761,-0.281756,-9.8361,-26.7104,-24.3196
0.704501,-1.823125,7.7007710000000005,-0.268205,-1.056303,-2.4170279999999997,-0.255252,0.203761,-0.281756,-9.8361,-26.7104,-24.3196
0.704501,-1.823125,7.7007710000000005,-0.268205,-1.056303,-2.4170279999999997,-0.255252,0.203761,-0.281756,-9.8361,-26.7104,-24.3196
0.697315,-2.019556,7.7247259999999995,-0.268205,-1.056303,-2.4170279999999997,-0.228627,0.252751,-0.149696,-8.9218,-25.9644,-25.487
0.697315,-2.019556,7.7247259999999995,-0.116006,-1.20492,-2.406936,-0.228627,0.252751,-0.149696,-8.9218,-25.9644,-25.487
0.697315,-2.019556,7.7247259999999995,-0.116006,-1.20492,-2.406936,-0.228627,0.252751,-0.149696,-8.9218,-25.9644,-25.487
0.419437,-2.371695,8.182266,-0.116006,-1.20492,-2.406936,-0.228627,0.252751,-0.149696,-8.9218,-25.9644,-25.487
0.419437,-2.371695,8.182266,-0.360562,-1.4635719999999999,-1.909847,-0.20093699999999998,0.087676,-0.001661,-8.9218,-25.9644,-25.487
0.419437,-2.371695,8.182266,-0.360562,-1.4635719999999999,-1.909847,-0.20093699999999998,0.087676,-0.001661,-8.0497,-26.4694,-25.5297
0.728456,-2.302225,8.256527,-0.360562,-1.4635719999999999,-1.909847,-0.20093699999999998,0.087676,-0.001661,-8.0497,-26.4694,-25.5297
0.728456,-2.302225,8.256527,0.0034100000000000003,-1.302174,-1.818059,-0.20093699999999998,0.087676,-0.001661,-8.0497,-26.4694,-25.5297
0.668569,-1.7273049999999999,8.187057000000001,0.0034100000000000003,-1.302174,-1.818059,-0.19561199999999998,0.366706,0.100579,-7.4617,-26.7795,-25.1907
0.668569,-1.7273049999999999,8.187057000000001,0.0034100000000000003,-1.302174,-1.818059,-0.19561199999999998,0.366706,0.100579,-7.4617,-26.7795,-25.1907
0.668569,-1.7273049999999999,8.187057000000001,0.0034100000000000003,-1.302174,-1.818059,-0.19561199999999998,0.366706,0.100579,-7.4617,-26.7795,-25.1907
0.668569,-1.7273049999999999,8.187057000000001,0.0034100000000000003,-1.302174,-1.818059,-0.19561199999999998,0.366706,0.100579,-7.4617,-26.7795,-25.1907
0.668569,-1.7273049999999999,8.187057000000001,0.0034100000000000003,-1.302174,-1.818059,-0.19561199999999998,0.366706,0.100579,-7.4617,-26.7795,-25.1907
0.668569,-1.7273049999999999,8.187057000000001,0.0034100000000000003,-1.302174,-1.818059,-0.19561199999999998,0.366706,0.100579,-7.4617,-26.7795,-25.1907
0.49369700000000005,-1.734492,7.609742,-0.046391,-0.6975060000000001,-2.261359,-0.318087,0.471076,-0.029351,-7.3808,-26.796999999999997,-25.1123
0.49369700000000005,-1.734492,7.609742,-0.046391,-0.6975060000000001,-2.261359,-0.318087,0.471076,-0.029351,-7.3808,-26.796999999999997,-25.1123
0.49369700000000005,-1.734492,7.609742,-0.046391,-0.6975060000000001,-2.261359,-0.318087,0.471076,-0.029351,-7.3808,-26.796999999999997,-25.1123
0.22540100000000002,-2.354926,9.068601,-0.171624,-0.6902699999999999,-1.047684,-1.048677,-0.000719,-0.445766,-7.3808,-26.796999999999997,-25.1123
0.22540100000000002,-2.354926,9.068601,-0.171624,-0.6902699999999999,-1.047684,-1.048677,-0.000719,-0.445766,-7.9598,-25.7435,-26.4515
0.22540100000000002,-2.354926,9.068601,-0.171624,-0.6902699999999999,-1.047684,-1.048677,-0.000719,-0.445766,-7.9598,-25.7435,-26.4515
0.22540100000000002,-2.354926,9.068601,-0.171624,-0.6902699999999999,-1.047684,-1.048677,-0.000719,-0.445766,-7.9598,-25.7435,-26.4515
-0.102782,-2.917869,9.538119,-0.8088569999999999,-0.8421290000000001,-0.431588,-1.106187,0.185656,-0.175256,-7.9598,-25.7435,-26.4515
-0.102782,-2.917869,9.538119,-0.8088569999999999,-0.8421290000000001,-0.431588,-1.106187,0.185656,-0.175256,-7.4512,-24.7512,-27.4518
0.048133999999999996,-2.771743,9.518955,-0.5018630000000001,-0.581747,-0.192223,-1.106187,0.185656,-0.175256,-7.4512,-24.7512,-27.4518
0.048133999999999996,-2.771743,9.518955,-0.5018630000000001,-0.581747,-0.192223,-1.172217,0.582901,-0.068756,-7.4512,-24.7512,-27.4518
0.048133999999999996,-2.771743,9.518955,-0.5018630000000001,-0.581747,-0.192223,-1.172217,0.582901,-0.068756,-6.8029,-23.6451,-28.1819
-0.042894999999999996,-2.017161,9.430322,-0.5018630000000001,-0.581747,-0.192223,-1.172217,0.582901,-0.068756,-6.8029,-23.6451,-28.1819
-0.042894999999999996,-2.017161,9.430322,-0.363035,0.5981529999999999,-0.388102,-1.123227,0.44658100000000006,-0.211466,-6.8029,-23.6451,-28.1819
0.594308,-3.102322,9.387202,-0.363035,0.5981529999999999,-0.388102,-1.123227,0.44658100000000006,-0.211466,-6.8029,-23.6451,-28.1819
0.594308,-3.102322,9.387202,-0.363035,0.5981529999999999,-0.388102,-1.123227,0.44658100000000006,-0.211466,-5.7349,-22.4285,-30.2274
0.594308,-3.102322,9.387202,0.35042199999999996,-0.263345,-0.06350800000000001,-1.263807,0.38055100000000003,-0.380801,-5.7349,-22.4285,-30.2274
0.426623,-4.048545,10.393312,0.35042199999999996,-0.263345,-0.06350800000000001,-1.263807,0.38055100000000003,-0.380801,-5.7349,-22.4285,-30.2274
0.426623,-4.048545,10.393312,0.35042199999999996,-0.263345,-0.06350800000000001,-1.263807,0.38055100000000003,-0.380801,-4.8632,-21.5209,-31.5334
0.426623,-4.048545,10.393312,-0.203751,-0.788337,1.2852299999999999,-1.2286620000000001,0.439126,-0.647051,-4.8632,-21.5209,-31.5334
-0.804664,-4.570764,11.440146,-0.203751,-0.788337,1.2852299999999999,-1.2286620000000001,0.439126,-0.647051,-4.8632,-21.5209,-31.5334
-0.804664,-4.570764,11.440146,-0.203751,-0.788337,1.2852299999999999,-1.2286620000000001,0.439126,-0.647051,-4.408,-21.0151,-32.2937
-0.804664,-4.570764,11.440146,-1.216106,-1.093589,2.438646,-1.029507,0.183526,-0.645986,-4.408,-21.0151,-32.2937
-1.753282,-5.8307970000000005,13.517044,-1.216106,-1.093589,2.438646,-1.029507,0.183526,-0.645986,-4.408,-21.0151,-32.2937
-1.753282,-5.8307970000000005,13.517044,-1.216106,-1.093589,2.438646,-1.029507,0.183526,-0.645986,-4.408,-21.0151,-32.2937
-1.753282,-5.8307970000000005,13.517044,-2.114752,-2.1616,4.777888,-0.753672,0.649996,-0.27323600000000003,-3.5292,-19.1347,-33.3447
-1.8083779999999998,-5.998482,14.597415,-2.114752,-2.1616,4.777888,-0.753672,0.649996,-0.27323600000000003,-3.5292,-19.1347,-33.3447
-1.8083779999999998,-5.998482,14.597415,-2.114752,-2.1616,4.777888,-0.753672,0.649996,-0.27323600000000003,-3.5292,-19.1347,-33.3447
-1.8083779999999998,-5.998482,14.597415,-1.641937,-1.585228,5.567068,-0.753672,0.649996,-0.27323600000000003,-2.6777,-18.1776,-34.09
-1.8610790000000001,-5.342115,15.289715,-1.641937,-1.585228,5.567068,-0.484227,0.777796,-0.21466100000000002,-2.6777,-18.1776,-34.09
-1.8610790000000001,-5.342115,15.289715,-1.641937,-1.585228,5.567068,-0.484227,0.777796,-0.21466100000000002,-2.6777,-18.1776,-34.09
-1.8610790000000001,-5.342115,15.289715,-1.608321,-0.500111,5.70885,-0.484227,0.777796,-0.21466100000000002,-2.6777,-18.1776,-34.09
-1.8083779999999998,-4.5563910000000005,14.853732999999998,-1.608321,-0.500111,5.70885,-0.093372,0.44338599999999995,-0.374411,-0.9459,-16.8714,-35.028
-1.8083779999999998,-4.5563910000000005,14.853732999999998,-1.608321,-0.500111,5.70885,-0.093372,0.44338599999999995,-0.374411,-0.9459,-16.8714,-35.028
-1.8083779999999998,-4.5563910000000005,14.853732999999998,-1.459509,-0.017509999999999998,5.119837,-0.093372,0.44338599999999995,-0.374411,-0.9459,-16.8714,-35.028
-1.8706610000000001,-4.295281,14.161434,-1.459509,-0.017509999999999998,5.119837,0.016323,0.248491,-0.510731,-0.9459,-16.8714,-35.028
-1.8706610000000001,-4.295281,14.161434,-1.459509,-0.017509999999999998,5.119837,0.016323,0.248491,-0.510731,0.4167,-16.4743,-35.2369
-2.071883,-4.127596,13.639215,-1.636213,0.24705300000000002,4.484667,0.016323,0.248491,-0.510731,0.4167,-16.4743,-35.2369
-2.071883,-4.127596,13.639215,-1.636213,0.24705300000000002,4.484667,0.16861800000000002,0.103651,-0.514991,0.4167,-16.4743,-35.2369
-2.071883,-4.127596,13.639215,-1.636213,0.24705300000000002,4.484667,0.16861800000000002,0.103651,-0.514991,0.4167,-16.4743,-35.2369
-2.150935,-4.211439,13.176884,-1.8120630000000002,0.108973,3.8416449999999998,0.16861800000000002,0.103651,-0.514991,1.5277,-16.8017,-35.3583
-2.150935,-4.211439,13.176884,-1.8120630000000002,0.108973,3.8416449999999998,0.16861800000000002,0.103651,-0.514991,1.5277,-16.8017,-35.3583
-2.150935,-4.211439,13.176884,-1.8120630000000002,0.108973,3.8416449999999998,0.303873,0.047206,-0.435116,1.5277,-16.8017,-35.3583
-2.189263,-3.761085,12.254616,-1.850155,0.393975,3.147468,0.303873,0.047206,-0.435116,1.7475,-16.695999999999998,-35.3971
-2.189263,-3.761085,12.254616,-1.850155,0.393975,3.147468,0.303873,0.047206,-0.435116,1.7475,-16.695999999999998,-35.3971
-2.189263,-3.761085,12.254616,-1.850155,0.393975,3.147468,0.430608,0.022711000000000002,-0.28069099999999997,1.7475,-16.695999999999998,-35.3971
-1.9281529999999998,-3.818577,11.040097,-1.622291,0.27286900000000003,1.5734110000000001,0.430608,0.022711000000000002,-0.28069099999999997,1.7475,-16.695999999999998,-35.3971
-1.9281529999999998,-3.818577,11.040097,-1.622291,0.27286900000000003,1.5734110000000001,0.430608,0.022711000000000002,-0.28069099999999997,2.0901,-16.7391,-35.4905
-1.9568990000000002,-3.777853,10.249582,-1.622291,0.27286900000000003,1.5734110000000001,0.297483,-0.135974,-0.234896,2.0901,-16.7391,-35.4905
-1.9568990000000002,-3.777853,10.249582,-1.695487,0.14501,0.7333729999999999,0.297483,-0.135974,-0.234896,2.0901,-16.7391,-35.4905
-1.9568990000000002,-3.777853,10.249582,-1.695487,0.14501,0.7333729999999999,0.297483,-0.135974,-0.234896,2.0901,-16.7391,-35.4905
-2.182076,-3.9766800000000004,10.156158,-1.695487,0.14501,0.7333729999999999,0.166488,-0.13703900000000002,-0.212531,2.3381,-17.215999999999998,-35.4612
-2.182076,-3.9766800000000004,10.156158,-1.8254299999999999,0.059088,0.201493,0.166488,-0.13703900000000002,-0.212531,2.3381,-17.215999999999998,-35.4612
-2.182076,-3.9766800000000004,10.156158,-1.8254299999999999,0.059088,0.201493,0.166488,-0.13703900000000002,-0.212531,2.3381,-17.215999999999998,-35.4612
-2.182076,-3.9766800000000004,10.156158,-1.8254299999999999,0.059088,0.201493,0.166488,-0.13703900000000002,-0.212531,2.3381,-17.215999999999998,-35.4612
-2.198845,-4.321632,9.950145,-2.0181869999999997,-0.327631,0.506886,-0.235017,-0.132779,-0.271106,2.5639999999999996,-17.5179,-34.9702
-2.198845,-4.321632,9.950145,-2.0181869999999997,-0.327631,0.506886,-0.235017,-0.132779,-0.271106,2.5639999999999996,-17.5179,-34.9702
-2.792929,-4.340796,10.467573,-2.0181869999999997,-0.327631,0.506886,-0.235017,-0.132779,-0.271106,2.5639999999999996,-17.5179,-34.9702
-2.792929,-4.340796,10.467573,-2.57266,-0.22150100000000003,0.9364030000000001,-0.449082,0.22612600000000002,-0.393581,2.5639999999999996,-17.5179,-34.9702
-2.792929,-4.340796,10.467573,-2.57266,-0.22150100000000003,0.9364030000000001,-0.449082,0.22612600000000002,-0.393581,3.0496,-17.7025,-34.7889
-2.8959349999999997,-4.561182,11.126335000000001,-2.57266,-0.22150100000000003,0.9364030000000001,-0.449082,0.22612600000000002,-0.393581,3.0496,-17.7025,-34.7889
-2.8959349999999997,-4.561182,11.126335000000001,-2.717057,-0.23566199999999998,1.4627649999999999,-0.530022,0.18246099999999998,-0.372281,3.0496,-17.7025,-34.7889
-2.8959349999999997,-4.561182,11.126335000000001,-2.717057,-0.23566199999999998,1.4627649999999999,-0.530022,0.18246099999999998,-0.372281,3.0496,-17.7025,-34.7889
-3.827785,-4.776777,11.437750999999999,-2.717057,-0.23566199999999998,1.4627649999999999,-0.530022,0.18246099999999998,-0.372281,3.5027,-17.0517,-35.5904
-3.827785,-4.776777,11.437750999999999,-3.603041,-0.435921,2.001343,-0.385182,0.176071,-0.262586,3.5027,-17.0517,-35.5904
-3.827785,-4.776777,11.437750999999999,-3.603041,-0.435921,2.001343,-0.385182,0.176071,-0.262586,3.5027,-17.0517,-35.5904
-3.7151959999999997,-5.239108,11.095194000000001,-3.603041,-0.435921,2.001343,-0.385182,0.176071,-0.262586,4.0992,-16.5579,-36.0007
-3.7151959999999997,-5.239108,11.095194000000001,-3.435834,-0.863242,1.6798240000000002,-0.385182,0.176071,-0.262586,4.0992,-16.5579,-36.0007
-3.7151959999999997,-5.239108,11.095194000000001,-3.435834,-0.863242,1.6798240000000002,-0.385182,0.176071,-0.262586,4.0992,-16.5579,-36.0007
-3.7151959999999997,-5.239108,11.095194000000001,-3.435834,-0.863242,1.6798240000000002,-0.385182,0.176071,-0.262586,4.0992,-16.5579,-36.0007
-3.6744730000000003,-5.4139800000000005,10.946672999999999,-3.435834,-0.863242,1.6798240000000002,-0.274422,-0.144494,-0.207206,3.9376,-16.498,-35.8674
-3.6744730000000003,-5.4139800000000005,10.946672999999999,-3.4065819999999998,-0.923739,1.587184,-0.274422,-0.144494,-0.207206,3.9376,-16.498,-35.8674
-3.6744730000000003,-5.4139800000000005,10.946672999999999,-3.4065819999999998,-0.923739,1.587184,-0.274422,-0.144494,-0.207206,3.9376,-16.498,-35.8674
-3.152254,-5.730186,10.450805,-3.049697,-1.158357,1.0419260000000001,-0.274422,-0.144494,-0.207206,3.9376,-16.498,-35.8674
-3.152254,-5.730186,10.450805,-3.049697,-1.158357,1.0419260000000001,0.208023,-0.507659,0.007923999999999999,4.1221,-15.2784,-35.8864
-3.152254,-5.730186,10.450805,-3.049697,-1.158357,1.0419260000000001,0.208023,-0.507659,0.007923999999999999,4.1221,-15.2784,-35.8864
-2.996546,-5.725395,10.28791,-3.019188,-1.306537,0.89265,0.208023,-0.507659,0.007923999999999999,4.1221,-15.2784,-35.8864
-2.996546,-5.725395,10.28791,-3.019188,-1.306537,0.89265,0.585033,-0.345779,0.276304,4.1717,-16.0032,-36.4355
-2.996546,-5.725395,10.28791,-3.019188,-1.306537,0.89265,0.585033,-0.345779,0.276304,4.1717,-16.0032,-36.4355
-2.996546,-5.725395,10.28791,-3.019188,-1.306537,0.89265,0.585033,-0.345779,0.276304,4.1717,-16.0032,-36.4355
-2.996546,-5.725395,10.28791,-3.019188,-1.306537,0.89265,0.585033,-0.345779,0.276304,4.1717,-16.0032,-36.4355
-2.579729,-5.4379349999999995,9.051832000000001,-2.671147,-1.113259,-0.16886600000000002,0.819333,-0.23075900000000002,0.398779,3.9973,-16.4689,-36.1579
-2.579729,-5.4379349999999995,9.051832000000001,-2.671147,-1.113259,-0.16886600000000002,0.819333,-0.23075900000000002,0.398779,3.9973,-16.4689,-36.1579
-2.579729,-5.4379349999999995,9.051832000000001,-2.671147,-1.113259,-0.16886600000000002,0.819333,-0.23075900000000002,0.398779,3.9973,-16.4689,-36.1579
-2.579729,-5.4379349999999995,9.051832000000001,-2.671147,-1.113259,-0.16886600000000002,0.819333,-0.23075900000000002,0.398779,3.9973,-16.4689,-36.1579
-1.6933939999999998,-4.278512999999999,7.408519999999999,-1.8529400000000003,-0.46717,-2.166344,0.768213,-0.29039899999999996,0.312514,2.2086,-18.0267,-35.0806
-1.6933939999999998,-4.278512999999999,7.408519999999999,-1.8529400000000003,-0.46717,-2.166344,0.768213,-0.29039899999999996,0.312514,2.2086,-18.0267,-35.0806
-1.6933939999999998,-4.278512999999999,7.408519999999999,-1.8529400000000003,-0.46717,-2.166344,0.768213,-0.29039899999999996,0.312514,2.2086,-18.0267,-35.0806
-2.088652,-4.256953,7.906784,-2.244611,-0.40517600000000004,-1.971329,0.5381729999999999,-0.47251400000000005,0.426469,2.2086,-18.0267,-35.0806
-2.088652,-4.256953,7.906784,-2.244611,-0.40517600000000004,-1.971329,0.5381729999999999,-0.47251400000000005,0.426469,1.5704,-18.4082,-34.5757
-1.286159,-4.9732080000000005,8.87217,-2.244611,-0.40517600000000004,-1.971329,0.5381729999999999,-0.47251400000000005,0.426469,1.5704,-18.4082,-34.5757
-1.286159,-4.9732080000000005,8.87217,-1.618763,-1.343947,-1.0330270000000001,0.372033,-0.369209,0.636274,1.5704,-18.4082,-34.5757
-1.286159,-4.9732080000000005,8.87217,-1.618763,-1.343947,-1.0330270000000001,0.372033,-0.369209,0.636274,0.5929,-18.9838,-33.9733
-0.54595,-4.9420660000000005,9.315337,-1.618763,-1.343947,-1.0330270000000001,0.372033,-0.369209,0.636274,0.5929,-18.9838,-33.9733
-0.54595,-4.9420660000000005,9.315337,-0.630317,-1.360178,-0.474371,0.23890799999999998,0.127081,1.013284,0.5929,-18.9838,-33.9733
-0.54595,-4.9420660000000005,9.315337,-0.630317,-1.360178,-0.474371,0.23890799999999998,0.127081,1.013284,-0.3875,-19.337,-33.2198
0.067298,-4.45578,9.044646,-0.630317,-1.360178,-0.474371,0.23890799999999998,0.127081,1.013284,-0.3875,-19.337,-33.2198
0.067298,-4.45578,9.044646,0.22215,-0.9488219999999999,-1.019849,0.23890799999999998,0.127081,1.013284,-0.3875,-19.337,-33.2198
0.067298,-4.45578,9.044646,0.22215,-0.9488219999999999,-1.019849,0.23890799999999998,0.127081,1.013284,-0.3875,-19.337,-33.2198
0.649405,-4.403079,8.745209,0.22215,-0.9488219999999999,-1.019849,0.235713,0.050401,1.153865,-1.4485,-19.7197,-33.0087
0.649405,-4.403079,8.745209,1.119134,-0.918703,-0.985246,0.235713,0.050401,1.153865,-1.4485,-19.7197,-33.0087
0.649405,-4.403079,8.745209,1.119134,-0.918703,-0.985246,0.235713,0.050401,1.153865,-1.4485,-19.7197,-33.0087
0.649405,-4.403079,8.745209,1.119134,-0.918703,-0.985246,0.257013,0.014191,1.180489,-1.4485,-19.7197,-33.0087
1.159646,-4.350378,8.944035000000001,1.3816760000000001,-0.994252,-0.783046,0.257013,0.014191,1.180489,-1.7583,-19.1601,-33.4466
1.159646,-4.350378,8.944035000000001,1.3816760000000001,-0.994252,-0.783046,0.257013,0.014191,1.180489,-1.7583,-19.1601,-33.4466
1.6770740000000002,-4.019799,8.89852,1.3816760000000001,-0.994252,-0.783046,0.257013,0.014191,1.180489,-1.7583,-19.1601,-33.4466
1.6770740000000002,-4.019799,8.89852,2.027344,-0.796115,-1.066773,0.47214300000000003,0.07915599999999999,1.229479,-2.8629,-19.2829,-33.0658
1.6770740000000002,-4.019799,8.89852,2.027344,-0.796115,-1.066773,0.47214300000000003,0.07915599999999999,1.229479,-2.8629,-19.2829,-33.0658
2.000467,-3.756294,8.472121000000001,2.558854,-0.557582,-1.7425680000000001,0.47214300000000003,0.07915599999999999,1.229479,-2.8629,-19.2829,-33.0658
2.000467,-3.756294,8.472121000000001,2.558854,-0.557582,-1.7425680000000001,0.47214300000000003,0.07915599999999999,1.229479,-2.8629,-19.2829,-33.0658
2.223248,-3.334686,8.086446,2.558854,-0.557582,-1.7425680000000001,0.46255799999999997,-0.217979,1.245454,-4.6483,-19.6515,-32.6476
2.223248,-3.334686,8.086446,2.558854,-0.557582,-1.7425680000000001,0.46255799999999997,-0.217979,1.245454,-4.6483,-19.6515,-32.6476
2.223248,-3.334686,8.086446,2.682957,-0.403959,-1.7908509999999997,0.46255799999999997,-0.217979,1.245454,-4.6483,-19.6515,-32.6476
2.2639720000000003,-3.042435,8.280482000000001,2.682957,-0.403959,-1.7908509999999997,0.42847799999999997,0.051466,1.3626049999999998,-4.6483,-19.6515,-32.6476
2.2639720000000003,-3.042435,8.280482000000001,2.682957,-0.403959,-1.7908509999999997,0.42847799999999997,0.051466,1.3626049999999998,-5.3905,-19.8292,-32.8635
2.2639720000000003,-3.042435,8.280482000000001,2.682957,-0.403959,-1.7908509999999997,0.42847799999999997,0.051466,1.3626049999999998,-5.3905,-19.8292,-32.8635
2.838892,-2.479492,7.540272,3.3099089999999998,0.182609,-2.451421,0.303873,0.016321000000000002,1.339175,-5.3905,-19.8292,-32.8635
2.838892,-2.479492,7.540272,3.3099089999999998,0.182609,-2.451421,0.303873,0.016321000000000002,1.339175,-6.9735,-20.2712,-32.3456
2.838892,-2.479492,7.540272,3.3099089999999998,0.182609,-2.451421,0.303873,0.016321000000000002,1.339175,-6.9735,-20.2712,-32.3456
3.258104,-2.3645080000000003,7.7247259999999995,3.814525,0.24867399999999998,-2.4073860000000002,0.303873,0.016321000000000002,1.339175,-6.9735,-20.2712,-32.3456
3.258104,-2.3645080000000003,7.7247259999999995,3.814525,0.24867399999999998,-2.4073860000000002,0.149448,-0.254189,1.12724,-8.4774,-20.6012,-31.674
2.920339,-2.175264,8.462539999999999,3.814525,0.24867399999999998,-2.4073860000000002,0.149448,-0.254189,1.12724,-8.4774,-20.6012,-31.674
2.920339,-2.175264,8.462539999999999,3.648354,0.306791,-1.7089419999999997,0.149448,-0.254189,1.12724,-8.4774,-20.6012,-31.674
2.920339,-2.175264,8.462539999999999,3.648354,0.306791,-1.7089419999999997,0.149448,-0.254189,1.12724,-8.4774,-20.6012,-31.674
2.750258,-2.112981,8.352347,3.648354,0.306791,-1.7089419999999997,0.145188,-0.286139,0.772594,-9.726,-20.4794,-31.0468
2.750258,-2.112981,8.352347,3.3495129999999995,0.381318,-1.770303,0.145188,-0.286139,0.772594,-9.726,-20.4794,-31.0468
2.750258,-2.112981,8.352347,3.3495129999999995,0.381318,-1.770303,0.145188,-0.286139,0.772594,-9.726,-20.4794,-31.0468
2.618506,-2.084235,8.211012,3.3495129999999995,0.381318,-1.770303,0.11856300000000002,-0.315959,0.60539,-9.726,-20.4794,-31.0468
2.618506,-2.084235,8.211012,3.016701,0.25261300000000003,-1.257843,0.11856300000000002,-0.315959,0.60539,-10.8458,-19.5152,-31.0136
2.6400650000000003,-2.031534,8.884148,3.016701,0.25261300000000003,-1.257843,0.11856300000000002,-0.315959,0.60539,-10.8458,-19.5152,-31.0136
2.6400650000000003,-2.031534,8.884148,3.016701,0.25261300000000003,-1.257843,0.068508,-0.284009,0.5787640000000001,-10.8458,-19.5152,-31.0136
2.6400650000000003,-2.031534,8.884148,3.233361,0.321773,-1.0892030000000001,0.068508,-0.284009,0.5787640000000001,-12.5132,-19.6856,-30.6365
2.6400650000000003,-2.031534,8.884148,3.233361,0.321773,-1.0892030000000001,0.068508,-0.284009,0.5787640000000001,-12.5132,-19.6856,-30.6365
3.3659019999999997,-2.115376,9.25545,3.233361,0.321773,-1.0892030000000001,-0.074202,-0.140234,0.514864,-12.5132,-19.6856,-30.6365
3.3659019999999997,-2.115376,9.25545,3.957565,0.252033,-0.053997,-0.074202,-0.140234,0.514864,-12.5132,-19.6856,-30.6365
3.3659019999999997,-2.115376,9.25545,3.957565,0.252033,-0.053997,-0.074202,-0.140234,0.514864,-13.5728,-20.1551,-30.2303
3.5240050000000003,-2.089026,10.517878999999999,3.957565,0.252033,-0.053997,-0.096567,0.357121,0.459484,-13.5728,-20.1551,-30.2303
3.5240050000000003,-2.089026,10.517878999999999,4.139374,0.49581400000000003,0.410046,-0.096567,0.357121,0.459484,-13.5728,-20.1551,-30.2303
3.5240050000000003,-2.089026,10.517878999999999,4.139374,0.49581400000000003,0.410046,-0.096567,0.357121,0.459484,-13.7644,-19.4416,-31.0572
3.9120760000000003,-2.009974,10.314261,4.139374,0.49581400000000003,0.410046,-0.154077,0.41995600000000005,0.28375900000000004,-13.7644,-19.4416,-31.0572
3.9120760000000003,-2.009974,10.314261,4.57501,0.19854000000000002,0.54608,-0.154077,0.41995600000000005,0.28375900000000004,-13.7644,-19.4416,-31.0572
3.9120760000000003,-2.009974,10.314261,4.57501,0.19854000000000002,0.54608,-0.154077,0.41995600000000005,0.28375900000000004,-13.7644,-19.4416,-31.0572
3.904889,-2.261502,11.004164999999999,4.57501,0.19854000000000002,0.54608,-0.131712,0.569056,0.13359400000000002,-13.5079,-19.0584,-30.9066
3.904889,-2.261502,11.004164999999999,4.195531,-0.665101,1.628044,-0.131712,0.569056,0.13359400000000002,-13.5079,-19.0584,-30.9066
4.146833999999999,-2.9825470000000003,10.623281,4.195531,-0.665101,1.628044,-0.131712,0.569056,0.13359400000000002,-13.5079,-19.0584,-30.9066
4.146833999999999,-2.9825470000000003,10.623281,4.195531,-0.665101,1.628044,-0.131712,0.569056,0.13359400000000002,-13.5079,-19.0584,-30.9066
4.146833999999999,-2.9825470000000003,10.623281,5.378108999999999,-0.724957,-0.164767,0.210153,0.645736,0.096319,-13.2541,-18.5273,-31.4752
4.831948000000001,-3.274798,9.118907,5.378108999999999,-0.724957,-0.164767,0.210153,0.645736,0.096319,-13.2541,-18.5273,-31.4752
4.831948000000001,-3.274798,9.118907,5.378108999999999,-0.724957,-0.164767,0.210153,0.645736,0.096319,-13.2541,-18.5273,-31.4752
4.831948000000001,-3.274798,9.118907,5.61733,-1.128745,-1.276332,0.099393,0.143056,-0.420206,-12.1398,-19.0888,-31.456999999999997
4.261819,-3.538303,8.893728999999999,5.61733,-1.128745,-1.276332,0.099393,0.143056,-0.420206,-12.1398,-19.0888,-31.456999999999997
4.261819,-3.538303,8.893728999999999,5.61733,-1.128745,-1.276332,0.099393,0.143056,-0.420206,-12.1398,-19.0888,-31.456999999999997
3.006577,-3.473625,10.371753,4.345192,-1.150009,0.057885,0.016323,0.13986099999999999,-0.819581,-12.1398,-19.0888,-31.456999999999997
3.006577,-3.473625,10.371753,4.345192,-1.150009,0.057885,0.016323,0.13986099999999999,-0.819581,-12.1815,-18.9513,-31.0529
3.006577,-3.473625,10.371753,4.345192,-1.150009,0.057885,0.016323,0.13986099999999999,-0.819581,-12.1815,-18.9513,-31.0529
3.006577,-3.473625,10.371753,4.345192,-1.150009,0.057885,0.016323,0.13986099999999999,-0.819581,-12.1815,-18.9513,-31.0529
1.329727,-2.846004,10.558602,2.530479,-0.57552,0.715813,0.263403,0.334756,-0.867506,-12.18,-19.0581,-30.9349
1.329727,-2.846004,10.558602,2.530479,-0.57552,0.715813,0.263403,0.334756,-0.867506,-12.18,-19.0581,-30.9349
1.329727,-2.846004,10.558602,2.530479,-0.57552,0.715813,0.263403,0.334756,-0.867506,-12.18,-19.0581,-30.9349
-0.10996900000000001,-2.275875,7.233648,0.752028,0.013677000000000002,-2.255923,0.187788,-0.427784,-0.9015850000000001,-10.5233,-19.5842,-31.4554
-0.10996900000000001,-2.275875,7.233648,0.752028,0.013677000000000002,-2.255923,0.187788,-0.427784,-0.9015850000000001,-10.5233,-19.5842,-31.4554
-0.10996900000000001,-2.275875,7.233648,0.752028,0.013677000000000002,-2.255923,0.187788,-0.427784,-0.9015850000000001,-10.5233,-19.5842,-31.4554
-0.299213,-3.2915669999999997,9.212330999999999,0.5619270000000001,-0.709146,-1.617623,-0.474642,-0.852719,-1.097545,-9.5898,-20.1576,-31.2641
-0.299213,-3.2915669999999997,9.212330999999999,0.5619270000000001,-0.709146,-1.617623,-0.474642,-0.852719,-1.097545,-9.5898,-20.1576,-31.2641
-0.299213,-3.2915669999999997,9.212330999999999,0.5619270000000001,-0.709146,-1.617623,-0.474642,-0.852719,-1.097545,-9.5898,-20.1576,-31.2641
-1.760468,-3.2724029999999997,11.078425,-1.465668,-0.626772,1.122739,-0.520437,-0.387314,-1.069856,-9.5898,-20.1576,-31.2641
-1.760468,-3.2724029999999997,11.078425,-1.465668,-0.626772,1.122739,-0.520437,-0.387314,-1.069856,-9.1453,-20.262999999999998,-30.8328
-1.760468,-3.2724029999999997,11.078425,-1.465668,-0.626772,1.122739,-0.520437,-0.387314,-1.069856,-9.1453,-20.262999999999998,-30.8328
-1.4921719999999998,-4.127596,11.753957000000002,-1.465668,-0.626772,1.122739,-0.520437,-0.387314,-1.069856,-9.1453,-20.262999999999998,-30.8328
-1.4921719999999998,-4.127596,11.753957000000002,-1.439318,-1.24804,1.694584,-0.297852,-0.425654,-0.984656,-8.6884,-19.8569,-31.1652
-1.4921719999999998,-4.127596,11.753957000000002,-1.439318,-1.24804,1.694584,-0.297852,-0.425654,-0.984656,-8.6884,-19.8569,-31.1652
-1.384375,-4.266535,12.218683,-1.439318,-1.24804,1.694584,-0.297852,-0.425654,-0.984656,-8.6884,-19.8569,-31.1652
-1.384375,-4.266535,12.218683,-1.600063,-1.4720360000000001,2.006333,0.194178,-0.026279000000000004,-1.0336450000000001,-8.6884,-19.8569,-31.1652
-1.384375,-4.266535,12.218683,-1.600063,-1.4720360000000001,2.006333,0.194178,-0.026279000000000004,-1.0336450000000001,-7.5404,-19.9491,-31.3483
-2.143748,-4.446198000000001,11.214969,-1.600063,-1.4720360000000001,2.006333,0.194178,-0.026279000000000004,-1.0336450000000001,-7.5404,-19.9491,-31.3483
-2.143748,-4.446198000000001,11.214969,-1.600063,-1.4720360000000001,2.006333,0.194178,-0.026279000000000004,-1.0336450000000001,-7.5404,-19.9491,-31.3483
-2.143748,-4.446198000000001,11.214969,-2.345112,-1.710588,1.242265,0.505158,0.208021,-1.035776,-7.5686,-20.849,-31.624000000000002
-2.843234,-4.062918,10.771802000000001,-2.345112,-1.710588,1.242265,0.505158,0.208021,-1.035776,-7.5686,-20.849,-31.624000000000002
-2.843234,-4.062918,10.771802000000001,-2.345112,-1.710588,1.242265,0.505158,0.208021,-1.035776,-7.5686,-20.849,-31.624000000000002
-2.843234,-4.062918,10.771802000000001,-2.879252,-1.3934389999999999,0.355161,0.646803,0.053596000000000005,-0.985721,-7.5686,-20.849,-31.624000000000002
-2.7593919999999996,-3.6484959999999997,10.007636999999999,-2.879252,-1.3934389999999999,0.355161,0.646803,0.053596000000000005,-0.985721,-6.9735,-21.6681,-31.1989
-2.7593919999999996,-3.6484959999999997,10.007636999999999,-2.879252,-1.3934389999999999,0.355161,0.646803,0.053596000000000005,-0.985721,-6.9735,-21.6681,-31.1989
-3.13309,-3.2580299999999998,9.787251,-3.204821,-1.022468,-0.275496,0.526458,-0.023084,-0.98998,-6.9735,-21.6681,-31.1989
-3.13309,-3.2580299999999998,9.787251,-3.204821,-1.022468,-0.275496,0.526458,-0.023084,-0.98998,-5.6806,-21.998,-30.5247
-3.13309,-3.2580299999999998,9.787251,-3.204821,-1.022468,-0.275496,0.526458,-0.023084,-0.98998,-5.6806,-21.998,-30.5247
-3.13309,-3.2580299999999998,9.787251,-3.204821,-1.022468,-0.275496,0.526458,-0.023084,-0.98998,-5.6806,-21.998,-30.5247
-2.816884,-2.628013,9.212330999999999,-3.196958,-0.583966,-0.668365,0.25488299999999997,-0.063554,-0.8707010000000001,-4.8749,-22.035999999999998,-30.1304
-2.816884,-2.628013,9.212330999999999,-3.196958,-0.583966,-0.668365,0.25488299999999997,-0.063554,-0.8707010000000001,-4.8749,-22.035999999999998,-30.1304
-2.816884,-2.628013,9.212330999999999,-3.196958,-0.583966,-0.668365,0.25488299999999997,-0.063554,-0.8707010000000001,-4.8749,-22.035999999999998,-30.1304
-2.503073,-2.287852,9.679454,-3.196958,-0.583966,-0.668365,0.25488299999999997,-0.063554,-0.8707010000000001,-4.8749,-22.035999999999998,-30.1304
-2.503073,-2.287852,9.679454,-2.939673,-0.145308,-0.44194700000000003,-0.053966999999999994,-0.32767399999999997,-0.7663310000000001,-3.8586,-22.7751,-29.955
-2.503073,-2.287852,9.679454,-2.939673,-0.145308,-0.44194700000000003,-0.053966999999999994,-0.32767399999999997,-0.7663310000000001,-3.8586,-22.7751,-29.955
-2.46235,-2.3645080000000003,10.105852,-2.939673,-0.145308,-0.44194700000000003,-0.053966999999999994,-0.32767399999999997,-0.7663310000000001,-3.8586,-22.7751,-29.955
-2.46235,-2.3645080000000003,10.105852,-2.88119,-0.275537,0.083909,0.096198,-0.151949,-0.556525,-3.5112,-23.1861,-30.1778
-2.46235,-2.3645080000000003,10.105852,-2.88119,-0.275537,0.083909,0.096198,-0.151949,-0.556525,-3.5112,-23.1861,-30.1778
-2.2347770000000002,-2.510634,10.084292999999999,-2.88119,-0.275537,0.083909,0.096198,-0.151949,-0.556525,-3.5112,-23.1861,-30.1778
-2.2347770000000002,-2.510634,10.084292999999999,-2.762425,-0.412451,-0.200997,0.28470300000000004,0.0024760000000000003,-0.37654099999999996,-3.5112,-23.1861,-30.1778
-2.2347770000000002,-2.510634,10.084292999999999,-2.762425,-0.412451,-0.200997,0.28470300000000004,0.0024760000000000003,-0.37654099999999996,-2.6614,-23.5231,-30.0687
-1.8514970000000002,-2.295039,9.437508,-2.762425,-0.412451,-0.200997,0.28470300000000004,0.0024760000000000003,-0.37654099999999996,-2.6614,-23.5231,-30.0687
-1.8514970000000002,-2.295039,9.437508,-2.327128,-0.307095,-0.595025,0.306003,-0.039058999999999996,-0.278561,-2.6614,-23.5231,-30.0687
-1.8514970000000002,-2.295039,9.437508,-2.327128,-0.307095,-0.595025,0.306003,-0.039058999999999996,-0.278561,-1.7281,-24.0783,-29.8777
-1.619134,-2.1537040000000003,9.854325,-2.327128,-0.307095,-0.595025,0.306003,-0.039058999999999996,-0.278561,-1.7281,-24.0783,-29.8777
-1.619134,-2.1537040000000003,9.854325,-2.2047830000000004,-0.25888,-0.26312800000000003,0.374163,0.132406,-0.190166,-1.7281,-24.0783,-29.8777
-1.619134,-2.1537040000000003,9.854325,-2.2047830000000004,-0.25888,-0.26312800000000003,0.374163,0.132406,-0.190166,-1.6071,-24.0963,-29.799
-1.619134,-1.8542669999999999,9.715386,-2.2047830000000004,-0.25888,-0.26312800000000003,0.374163,0.132406,-0.190166,-1.6071,-24.0963,-29.799
-1.619134,-1.8542669999999999,9.715386,-1.94793,0.017292,-0.748563,0.47214300000000003,0.317716,-0.044261,-1.6071,-24.0963,-29.799
-1.619134,-1.8542669999999999,9.715386,-1.94793,0.017292,-0.748563,0.47214300000000003,0.317716,-0.044261,-1.6071,-24.0963,-29.799
-1.0969149999999999,-1.480569,9.109324,-1.94793,0.017292,-0.748563,0.47214300000000003,0.317716,-0.044261,-0.8590000000000001,-24.3066,-28.9955
-1.0969149999999999,-1.480569,9.109324,-1.483374,0.130976,-0.965456,0.47214300000000003,0.317716,-0.044261,-0.8590000000000001,-24.3066,-28.9955
-1.0969149999999999,-1.480569,9.109324,-1.483374,0.130976,-0.965456,0.35925300000000004,0.230386,-0.040001,-0.8590000000000001,-24.3066,-28.9955
-1.132847,-1.396726,9.238682,-1.483374,0.130976,-0.965456,0.35925300000000004,0.230386,-0.040001,-0.7587,-24.2369,-28.2793
-1.132847,-1.396726,9.238682,-1.385274,0.12782000000000002,-0.78386,0.35925300000000004,0.230386,-0.040001,-0.7587,-24.2369,-28.2793
-1.132847,-1.396726,9.238682,-1.385274,0.12782000000000002,-0.78386,0.263403,0.23145100000000002,-0.024026,-0.7587,-24.2369,-28.2793
-0.8358049999999999,-1.3104879999999999,9.574052,-1.385274,0.12782000000000002,-0.78386,0.263403,0.23145100000000002,-0.024026,-0.6892,-24.8611,-27.6098
-0.8358049999999999,-1.3104879999999999,9.574052,-0.903653,0.131883,-0.466063,0.263403,0.23145100000000002,-0.024026,-0.6892,-24.8611,-27.6098
-0.694471,-1.288929,9.801624,-0.903653,0.131883,-0.466063,0.202698,0.230386,-0.055976,-0.6892,-24.8611,-27.6098
-0.694471,-1.288929,9.801624,-0.903653,0.131883,-0.466063,0.202698,0.230386,-0.055976,-0.5254,-25.0905,-27.9727
-0.694471,-1.288929,9.801624,-0.986469,-0.10375999999999999,-0.210702,0.202698,0.230386,-0.055976,-0.5254,-25.0905,-27.9727
-1.084937,-1.552434,9.916608,-0.986469,-0.10375999999999999,-0.210702,0.202698,0.230386,-0.055976,-0.5254,-25.0905,-27.9727
-1.084937,-1.552434,9.916608,-0.986469,-0.10375999999999999,-0.210702,0.17181300000000002,0.313456,-0.038936,-0.3902,-26.1509,-27.9925
-1.084937,-1.552434,9.916608,-1.1682270000000001,-0.23631,-0.208198,0.17181300000000002,0.313456,-0.038936,-0.3902,-26.1509,-27.9925
-0.981931,-1.406308,8.752395,-1.1682270000000001,-0.23631,-0.208198,0.17181300000000002,0.313456,-0.038936,-0.3902,-26.1509,-27.9925
-0.981931,-1.406308,8.752395,-1.1682270000000001,-0.23631,-0.208198,-0.040122000000000005,0.013125999999999999,0.034549,-0.3902,-26.1509,-27.9925
-0.981931,-1.406308,8.752395,-1.364142,0.008839,-0.219685,-0.040122000000000005,0.013125999999999999,0.034549,-0.7354,-25.9032,-27.7283
-1.547269,-1.983624,11.471288000000001,-1.364142,0.008839,-0.219685,-0.040122000000000005,0.013125999999999999,0.034549,-0.7354,-25.9032,-27.7283
-1.547269,-1.983624,11.471288000000001,-1.364142,0.008839,-0.219685,0.155838,0.062116,0.167674,-0.7354,-25.9032,-27.7283
-1.547269,-1.983624,11.471288000000001,-1.364142,0.008839,-0.219685,0.155838,0.062116,0.167674,-0.7354,-25.9032,-27.7283
-1.104101,-1.8542669999999999,11.626994999999999,-1.206712,-0.54318,1.5182879999999999,0.155838,0.062116,0.167674,0.0079,-25.7936,-27.2982
-1.104101,-1.8542669999999999,11.626994999999999,-1.206712,-0.54318,1.5182879999999999,0.470013,0.30493600000000004,0.246484,0.0079,-25.7936,-27.2982
-0.32556399999999996,-1.6650220000000002,9.993264,-1.206712,-0.54318,1.5182879999999999,0.470013,0.30493600000000004,0.246484,0.0079,-25.7936,-27.2982
-0.32556399999999996,-1.6650220000000002,9.993264,-0.190393,-0.560339,-0.131721,0.470013,0.30493600000000004,0.246484,0.3584,-26.3668,-26.6273
-0.32556399999999996,-1.6650220000000002,9.993264,-0.190393,-0.560339,-0.131721,0.337953,0.120691,0.120814,0.3584,-26.3668,-26.6273
