ACCELEROMETER X (m/s²),ACCELEROMETER Y (m/s²),ACCELEROMETER Z (m/s²),LINEAR ACCELERATION X (m/s²),LINEAR ACCELERATION Y (m/s²),LINEAR ACCELERATION Z (m/s²),GYROSCOPE X (rad/s),GYROSCOPE Y (rad/s),GYROSCOPE Z (rad/s),MAGNETIC FIELD X (μT),MAGNETIC FIELD Y (μT),MAGNETIC FIELD Z (μT)
0.282893,-1.3464209999999999,10.14418,1.396923,-1.2232809999999998,0.463923,0.08874299999999999,0.188851,0.788569,-34.2267,7.2362,-28.2372
0.282893,-1.3464209999999999,10.14418,1.396923,-1.2232809999999998,0.463923,0.08874299999999999,0.188851,0.788569,-33.5788,8.357000000000001,-29.1225
0.282893,-1.3464209999999999,10.14418,1.396923,-1.2232809999999998,0.463923,0.08874299999999999,0.188851,0.788569,-33.5788,8.357000000000001,-29.1225
0.682942,-1.173945,9.729759,2.079239,-1.021583,-0.11621400000000001,0.061052999999999996,-0.033734,0.8194540000000001,-33.5788,8.357000000000001,-29.1225
0.682942,-1.173945,9.729759,2.079239,-1.021583,-0.11621400000000001,0.061052999999999996,-0.033734,0.8194540000000001,-32.8061,9.2181,-29.3245
0.682942,-1.173945,9.729759,2.079239,-1.021583,-0.11621400000000001,0.061052999999999996,-0.033734,0.8194540000000001,-32.8061,9.2181,-29.3245
1.6914470000000001,-0.999073,9.478231,2.8954779999999998,-0.931851,-0.32906199999999997,0.138798,-0.086984,0.8641840000000001,-32.8061,9.2181,-29.3245
1.6914470000000001,-0.999073,9.478231,2.8954779999999998,-0.931851,-0.32906199999999997,0.138798,-0.086984,0.8641840000000001,-32.3609,10.5344,-28.9557
1.6914470000000001,-0.999073,9.478231,2.8954779999999998,-0.931851,-0.32906199999999997,0.138798,-0.086984,0.8641840000000001,-32.3609,10.5344,-28.9557
1.94537,-1.0397969999999999,9.037459,3.068308,-1.046545,-0.741316,0.282573,-0.093374,0.8716389999999999,-32.3609,10.5344,-28.9557
1.94537,-1.0397969999999999,9.037459,3.068308,-1.046545,-0.741316,0.282573,-0.093374,0.8716389999999999,-32.6887,10.9563,-29.0428
1.94537,-1.0397969999999999,9.037459,3.068308,-1.046545,-0.741316,0.282573,-0.093374,0.8716389999999999,-32.6887,10.9563,-29.0428
2.357396,-0.81462,8.359534,3.3628370000000003,-1.041144,-1.284197,0.44977799999999996,-0.018824,0.924889,-32.6887,10.9563,-29.0428
2.357396,-0.81462,8.359534,3.3628370000000003,-1.041144,-1.284197,0.44977799999999996,-0.018824,0.924889,-33.1611,11.655,-29.0776
2.357396,-0.81462,8.359534,3.3628370000000003,-1.041144,-1.284197,0.44977799999999996,-0.018824,0.924889,-33.1611,11.655,-29.0776
2.426866,-0.565488,7.91397,3.519131,-0.818692,-1.813147,0.504093,0.021646000000000002,0.866315,-33.1611,11.655,-29.0776
2.426866,-0.565488,7.91397,3.519131,-0.818692,-1.813147,0.504093,0.021646000000000002,0.866315,-33.1611,11.655,-29.0776
2.362187,-0.009732,7.365400999999999,3.519131,-0.818692,-1.813147,0.504093,0.021646000000000002,0.866315,-33.2723,12.4181,-29.285
2.362187,-0.009732,7.365400999999999,3.4085199999999998,-0.48976400000000003,-2.2999099999999997,0.569058,-0.028408999999999997,0.82265,-33.2723,12.4181,-29.285
2.362187,-0.009732,7.365400999999999,3.4085199999999998,-0.48976400000000003,-2.2999099999999997,0.569058,-0.028408999999999997,0.82265,-33.2723,12.4181,-29.285
2.407702,0.155558,7.214484,3.4085199999999998,-0.48976400000000003,-2.2999099999999997,0.569058,-0.028408999999999997,0.82265,-32.7146,12.8561,-28.9587
2.407702,0.155558,7.214484,3.390772,-0.46784499999999996,-2.492543,0.609528,-0.040124,0.7896340000000001,-32.7146,12.8561,-28.9587
2.407702,0.155558,7.214484,3.390772,-0.46784499999999996,-2.492543,0.609528,-0.040124,0.7896340000000001,-32.7146,12.8561,-28.9587
2.371769,0.555606,7.109082000000001,3.390772,-0.46784499999999996,-2.492543,0.609528,-0.040124,0.7896340000000001,-32.4748,13.0091,-28.5139
2.371769,0.555606,7.109082000000001,3.172216,-0.056828,-2.466462,0.658518,-0.197744,0.700174,-32.4748,13.0091,-28.5139
2.371769,0.555606,7.109082000000001,3.172216,-0.056828,-2.466462,0.658518,-0.197744,0.700174,-32.4748,13.0091,-28.5139
2.3406279999999997,1.250301,6.864741,3.172216,-0.056828,-2.466462,0.658518,-0.197744,0.700174,-32.4748,13.0091,-28.5139
2.3406279999999997,1.250301,6.864741,3.137829,0.498417,-3.086464,0.521133,-0.470384,0.452029,-32.2091,12.7174,-28.351999999999997
2.3406279999999997,1.250301,6.864741,3.137829,0.498417,-3.086464,0.521133,-0.470384,0.452029,-32.2091,12.7174,-28.351999999999997
2.2735540000000003,1.992906,6.347313,3.137829,0.498417,-3.086464,0.521133,-0.470384,0.452029,-32.2091,12.7174,-28.351999999999997
2.2735540000000003,1.992906,6.347313,2.917113,0.822066,-3.28842,0.149448,-0.49807399999999996,-0.004856,-32.2091,12.7174,-28.351999999999997
2.2735540000000003,1.992906,6.347313,2.917113,0.822066,-3.28842,0.149448,-0.49807399999999996,-0.004856,-32.3156,13.1348,-28.5148
1.559695,1.346121,6.962957,2.142081,0.24324,-2.665064,0.149448,-0.49807399999999996,-0.004856,-32.3156,13.1348,-28.5148
1.559695,1.346121,6.962957,2.142081,0.24324,-2.665064,0.149448,-0.49807399999999996,-0.004856,-32.3156,13.1348,-28.5148
1.559695,1.346121,6.962957,2.142081,0.24324,-2.665064,-0.027342,-0.28933400000000004,-0.260456,-32.4137,12.9816,-28.0869
1.650724,1.056266,6.452715,2.142081,0.24324,-2.665064,-0.027342,-0.28933400000000004,-0.260456,-32.4137,12.9816,-28.0869
1.650724,1.056266,6.452715,2.142081,0.24324,-2.665064,-0.027342,-0.28933400000000004,-0.260456,-32.4137,12.9816,-28.0869
1.650724,1.056266,6.452715,2.035437,-0.15406199999999998,-3.102266,-0.191352,-0.32767399999999997,-0.344591,-32.718,13.1972,-27.6087
1.2099520000000001,0.701732,6.534162,2.035437,-0.15406199999999998,-3.102266,-0.191352,-0.32767399999999997,-0.344591,-32.718,13.1972,-27.6087
1.2099520000000001,0.701732,6.534162,2.035437,-0.15406199999999998,-3.102266,-0.191352,-0.32767399999999997,-0.344591,-32.718,13.1972,-27.6087
1.2099520000000001,0.701732,6.534162,1.147996,-0.487162,-3.063166,-0.37559699999999996,-0.25312399999999996,-0.277496,-32.718,13.1972,-27.6087
0.591913,0.263355,7.142619,1.147996,-0.487162,-3.063166,-0.37559699999999996,-0.25312399999999996,-0.277496,-33.8806,12.9166,-26.974
0.591913,0.263355,7.142619,1.147996,-0.487162,-3.063166,-0.37559699999999996,-0.25312399999999996,-0.277496,-33.8806,12.9166,-26.974
0.591913,-0.040873,7.477989,0.636129,-0.73305,-2.253136,-0.282942,-0.241409,-0.057040999999999994,-33.8806,12.9166,-26.974
0.55598,-0.040873,7.477989,0.636129,-0.73305,-2.253136,-0.282942,-0.241409,-0.057040999999999994,-33.9793,12.7955,-26.7404
0.55598,-0.040873,7.477989,0.636129,-0.73305,-2.253136,-0.282942,-0.241409,-0.057040999999999994,-33.9793,12.7955,-26.7404
0.55598,-0.040873,7.477989,0.828506,-0.911906,-2.094964,-0.078462,-0.380924,0.233704,-33.9793,12.7955,-26.7404
0.687733,-0.163044,7.755866999999999,0.828506,-0.911906,-2.094964,-0.078462,-0.380924,0.233704,-33.9793,12.7955,-26.7404
0.687733,-0.163044,7.755866999999999,0.828506,-0.911906,-2.094964,-0.078462,-0.380924,0.233704,-34.1866,13.2635,-26.3431
1.047058,0.23221399999999998,8.098424000000001,1.010627,-0.71323,-1.40419,-0.040122000000000005,-0.33406399999999997,0.354049,-34.1866,13.2635,-26.3431
1.047058,0.23221399999999998,8.098424000000001,1.010627,-0.71323,-1.40419,-0.040122000000000005,-0.33406399999999997,0.354049,-34.1866,13.2635,-26.3431
1.047058,0.23221399999999998,8.098424000000001,1.010627,-0.71323,-1.40419,-0.040122000000000005,-0.33406399999999997,0.354049,-34.1866,13.2635,-26.3431
1.047058,0.23221399999999998,8.098424000000001,1.010627,-0.71323,-1.40419,-0.040122000000000005,-0.33406399999999997,0.354049,-34.1866,13.2635,-26.3431
1.047058,0.23221399999999998,8.098424000000001,1.010627,-0.71323,-1.40419,-0.040122000000000005,-0.33406399999999997,0.354049,-34.1866,13.2635,-26.3431
1.317749,0.133998,7.854083,1.1521549999999998,-0.66371,-1.587302,-0.306372,-0.090179,0.27097899999999997,-34.7945,13.6102,-25.8889
1.317749,0.133998,7.854083,1.1521549999999998,-0.66371,-1.587302,-0.306372,-0.090179,0.27097899999999997,-34.7945,13.6102,-25.8889
1.269839,0.016619,8.742813,1.1521549999999998,-0.66371,-1.587302,-0.306372,-0.090179,0.27097899999999997,-34.7945,13.6102,-25.8889
1.269839,0.016619,8.742813,1.14715,-0.547456,-0.831175,-0.735567,0.16861600000000002,0.109099,-34.6568,13.8512,-25.6401
1.269839,0.016619,8.742813,1.14715,-0.547456,-0.831175,-0.735567,0.16861600000000002,0.109099,-34.6568,13.8512,-25.6401
1.269839,0.016619,8.742813,1.14715,-0.547456,-0.831175,-0.735567,0.16861600000000002,0.109099,-34.6568,13.8512,-25.6401
1.269839,0.016619,8.742813,1.14715,-0.547456,-0.831175,-0.735567,0.16861600000000002,0.109099,-34.6568,13.8512,-25.6401
0.984775,-0.258864,9.521351,0.912587,-0.636541,-0.118327,-0.689772,0.23251599999999997,0.048394,-34.7044,14.4292,-25.1272
0.984775,-0.258864,9.521351,0.912587,-0.636541,-0.118327,-0.689772,0.23251599999999997,0.048394,-34.7044,14.4292,-25.1272
0.984775,-0.258864,9.521351,0.912587,-0.636541,-0.118327,-0.689772,0.23251599999999997,0.048394,-34.7044,14.4292,-25.1272
0.84344,-0.666099,9.83037,0.8122550000000001,-0.8434459999999999,0.367164,-0.495942,0.415696,-0.028286000000000002,-34.9215,15.6037,-24.955
0.84344,-0.666099,9.83037,0.8122550000000001,-0.8434459999999999,0.367164,-0.495942,0.415696,-0.028286000000000002,-34.9215,15.6037,-24.955
0.84344,-0.666099,9.83037,0.8122550000000001,-0.8434459999999999,0.367164,-0.495942,0.415696,-0.028286000000000002,-34.9215,15.6037,-24.955
0.26852,-1.252996,9.435113000000001,0.8122550000000001,-0.8434459999999999,0.367164,-0.787752,0.34647100000000003,-0.031481,-34.9215,15.6037,-24.955
0.26852,-1.252996,9.435113000000001,0.42940200000000006,-1.210788,-0.15420799999999998,-0.787752,0.34647100000000003,-0.031481,-34.5989,15.5404,-25.145
0.383504,-1.1955040000000001,10.560998,0.42940200000000006,-1.210788,-0.15420799999999998,-0.787752,0.34647100000000003,-0.031481,-34.5989,15.5404,-25.145
0.383504,-1.1955040000000001,10.560998,0.42940200000000006,-1.210788,-0.15420799999999998,-1.095537,0.48918100000000003,-0.024026,-34.5989,15.5404,-25.145
0.383504,-1.1955040000000001,10.560998,0.671235,-0.6869270000000001,1.55207,-1.095537,0.48918100000000003,-0.024026,-33.9231,16.1234,-25.5949
0.20863299999999999,-1.193109,11.955178,0.671235,-0.6869270000000001,1.55207,-1.095537,0.48918100000000003,-0.024026,-33.9231,16.1234,-25.5949
0.20863299999999999,-1.193109,11.955178,0.671235,-0.6869270000000001,1.55207,-1.158372,0.501961,-0.107096,-33.9231,16.1234,-25.5949
0.20863299999999999,-1.193109,11.955178,0.671235,-0.6869270000000001,1.55207,-1.158372,0.501961,-0.107096,-33.9231,16.1234,-25.5949
0.20863299999999999,-1.193109,11.955178,0.671235,-0.6869270000000001,1.55207,-1.158372,0.501961,-0.107096,-33.9231,16.1234,-25.5949
0.20863299999999999,-1.193109,11.955178,0.671235,-0.6869270000000001,1.55207,-1.158372,0.501961,-0.107096,-33.9231,16.1234,-25.5949
-0.25369899999999995,-1.470987,12.146818,0.309054,-0.632102,2.4823310000000003,-1.165827,0.48918100000000003,-0.111356,-33.9136,16.8858,-25.7626
-0.25369899999999995,-1.470987,12.146818,0.309054,-0.632102,2.4823310000000003,-1.165827,0.48918100000000003,-0.111356,-33.9136,16.8858,-25.7626
-0.25369899999999995,-1.470987,12.146818,0.309054,-0.632102,2.4823310000000003,-1.165827,0.48918100000000003,-0.111356,-33.9136,16.8858,-25.7626
-0.263281,-2.254315,14.295582000000001,0.400373,-0.799456,4.889854,-0.992232,0.507286,-0.010181,-33.9136,16.8858,-25.7626
-0.263281,-2.254315,14.295582000000001,0.400373,-0.799456,4.889854,-0.992232,0.507286,-0.010181,-32.4561,19.1239,-26.7958
-0.263281,-2.254315,14.295582000000001,0.400373,-0.799456,4.889854,-0.992232,0.507286,-0.010181,-32.4561,19.1239,-26.7958
-0.749567,-2.290248,14.659698,0.143447,-0.599986,5.22119,-0.549192,0.334756,0.005794,-32.4561,19.1239,-26.7958
-0.749567,-2.290248,14.659698,0.143447,-0.599986,5.22119,-0.549192,0.334756,0.005794,-32.1393,19.5037,-26.7609
-0.81185,-2.189637,14.178203,0.143447,-0.599986,5.22119,-0.549192,0.334756,0.005794,-32.1393,19.5037,-26.7609
-0.81185,-2.189637,14.178203,0.143447,-0.599986,5.22119,-0.549192,0.334756,0.005794,-32.1393,19.5037,-26.7609
-0.81185,-2.189637,14.178203,0.116198,-0.41192,4.717124,-0.269097,0.195241,0.026029000000000004,-32.1393,19.5037,-26.7609
-0.905275,-1.940505,13.454761999999999,0.116198,-0.41192,4.717124,-0.269097,0.195241,0.026029000000000004,-31.8719,20.5355,-26.9698
-0.905275,-1.940505,13.454761999999999,0.116198,-0.41192,4.717124,-0.269097,0.195241,0.026029000000000004,-31.8719,20.5355,-26.9698
-0.905275,-1.940505,13.454761999999999,-0.007548999999999999,0.022136000000000003,3.508971,0.069573,-0.223304,0.102709,-31.8719,20.5355,-26.9698
-0.905275,-1.940505,13.454761999999999,-0.007548999999999999,0.022136000000000003,3.508971,0.069573,-0.223304,0.102709,-31.8719,20.5355,-26.9698
-0.625001,-1.7320959999999999,12.920565,0.40702,0.145603,3.200742,0.069573,-0.223304,0.102709,-31.7781,21.0223,-27.1709
-0.625001,-1.7320959999999999,12.920565,0.40702,0.145603,3.200742,0.293223,-0.274424,0.167674,-31.7781,21.0223,-27.1709
-0.100387,-1.518897,11.933619,0.40702,0.145603,3.200742,0.293223,-0.274424,0.167674,-31.7781,21.0223,-27.1709
-0.100387,-1.518897,11.933619,0.828809,0.21214899999999998,2.2164029999999997,0.293223,-0.274424,0.167674,-31.7007,21.2117,-27.6189
-0.100387,-1.518897,11.933619,0.828809,0.21214899999999998,2.2164029999999997,0.293223,-0.274424,0.167674,-31.7007,21.2117,-27.6189
0.6350319999999999,-1.552434,11.574294,0.828809,0.21214899999999998,2.2164029999999997,0.272988,-0.396899,0.23796399999999998,-31.7007,21.2117,-27.6189
0.6350319999999999,-1.552434,11.574294,1.423441,0.087614,1.992821,0.272988,-0.396899,0.23796399999999998,-31.859,21.0669,-26.8624
1.293794,-1.51171,11.900082000000001,1.423441,0.087614,1.992821,0.20908800000000002,-0.29678899999999997,0.259264,-31.859,21.0669,-26.8624
1.293794,-1.51171,11.900082000000001,1.423441,0.087614,1.992821,0.20908800000000002,-0.29678899999999997,0.259264,-31.859,21.0669,-26.8624
1.293794,-1.51171,11.900082000000001,2.149079,0.059887,2.321859,0.20908800000000002,-0.29678899999999997,0.259264,-31.859,21.0669,-26.8624
1.804036,-1.4470319999999999,12.010275,2.149079,0.059887,2.321859,0.22612800000000002,0.025906000000000002,0.22092399999999998,-31.9628,21.335,-26.3642
1.804036,-1.4470319999999999,12.010275,2.149079,0.059887,2.321859,0.22612800000000002,0.025906000000000002,0.22092399999999998,-31.9628,21.335,-26.3642
1.804036,-1.4470319999999999,12.010275,2.149079,0.059887,2.321859,0.22612800000000002,0.025906000000000002,0.22092399999999998,-31.9628,21.335,-26.3642
2.87722,-1.1643629999999998,11.488056,3.005312,0.187201,2.1810680000000002,0.22612800000000002,0.025906000000000002,0.22092399999999998,-31.9628,21.335,-26.3642
2.87722,-1.1643629999999998,11.488056,3.005312,0.187201,2.1810680000000002,0.265533,0.010995999999999999,0.046264,-32.1292,21.7424,-26.198
2.87722,-1.1643629999999998,11.488056,3.005312,0.187201,2.1810680000000002,0.265533,0.010995999999999999,0.046264,-32.1292,21.7424,-26.198
3.9504040000000002,-1.403913,10.949067999999999,4.446871,0.05349500000000001,1.239602,0.265533,0.010995999999999999,0.046264,-32.1292,21.7424,-26.198
3.9504040000000002,-1.403913,10.949067999999999,4.446871,0.05349500000000001,1.239602,0.21654299999999999,-0.06461900000000001,-0.21679099999999998,-32.1292,21.7424,-26.198
4.333684,-1.928527,10.64484,4.446871,0.05349500000000001,1.239602,0.21654299999999999,-0.06461900000000001,-0.21679099999999998,-32.1396,21.0312,-26.1861
4.333684,-1.928527,10.64484,4.8743360000000004,-0.643588,0.939874,0.21654299999999999,-0.06461900000000001,-0.21679099999999998,-32.1396,21.0312,-26.1861
4.333684,-1.928527,10.64484,4.8743360000000004,-0.643588,0.939874,0.122823,-0.174314,-0.420206,-32.1396,21.0312,-26.1861
4.566047,-2.345344,10.848457000000002,4.8743360000000004,-0.643588,0.939874,0.122823,-0.174314,-0.420206,-31.7313,20.6087,-26.079
4.566047,-2.345344,10.848457000000002,4.8743360000000004,-0.643588,0.939874,0.122823,-0.174314,-0.420206,-31.7313,20.6087,-26.079
4.566047,-2.345344,10.848457000000002,4.8743360000000004,-0.643588,0.939874,0.122823,-0.174314,-0.420206,-31.7313,20.6087,-26.079
4.498973,-2.501052,10.659213000000001,4.9212739999999995,-1.155157,0.934235,0.110043,-0.317024,-0.5309659999999999,-31.7313,20.6087,-26.079
4.498973,-2.501052,10.659213000000001,4.9212739999999995,-1.155157,0.934235,0.110043,-0.317024,-0.5309659999999999,-31.713,20.7335,-26.1972
4.498973,-2.501052,10.659213000000001,4.9212739999999995,-1.155157,0.934235,0.110043,-0.317024,-0.5309659999999999,-31.713,20.7335,-26.1972
4.233073,-2.536984,10.136994,4.373946,-1.2528920000000001,0.408963,0.130278,-0.400094,-0.790826,-31.713,20.7335,-26.1972
4.233073,-2.536984,10.136994,4.373946,-1.2528920000000001,0.408963,0.130278,-0.400094,-0.790826,-32.6897,20.0499,-26.329
3.519214,-2.455537,9.885467,4.373946,-1.2528920000000001,0.408963,0.130278,-0.400094,-0.790826,-32.6897,20.0499,-26.329
3.519214,-2.455537,9.885467,3.373293,-1.160736,0.31322300000000003,0.042948,-0.247799,-0.987851,-32.6897,20.0499,-26.329
3.519214,-2.455537,9.885467,3.373293,-1.160736,0.31322300000000003,0.042948,-0.247799,-0.987851,-32.6897,20.0499,-26.329
2.704744,-2.575312,9.794437,3.373293,-1.160736,0.31322300000000003,0.042948,-0.247799,-0.987851,-33.365,19.4281,-25.9752
2.704744,-2.575312,9.794437,2.282107,-1.344266,-0.0032909999999999997,-0.07739700000000001,-0.158339,-1.123105,-33.365,19.4281,-25.9752
2.704744,-2.575312,9.794437,2.282107,-1.344266,-0.0032909999999999997,-0.07739700000000001,-0.158339,-1.123105,-33.365,19.4281,-25.9752
1.329727,-2.733415,8.975177,2.282107,-1.344266,-0.0032909999999999997,-0.07739700000000001,-0.158339,-1.123105,-34.3128,18.1595,-25.3417
1.329727,-2.733415,8.975177,0.9747319999999999,-1.3547120000000001,-0.804309,-0.203067,-0.355364,-1.143341,-34.3128,18.1595,-25.3417
0.474533,-2.457933,8.888939,0.9747319999999999,-1.3547120000000001,-0.804309,-0.203067,-0.355364,-1.143341,-34.3128,18.1595,-25.3417
0.474533,-2.457933,8.888939,0.9747319999999999,-1.3547120000000001,-0.804309,-0.203067,-0.355364,-1.143341,-34.6561,16.8053,-24.9149
0.474533,-2.457933,8.888939,-0.42437700000000006,-0.943264,-0.8852260000000001,-0.342582,-0.444824,-1.155055,-34.6561,16.8053,-24.9149
-0.720821,-2.2064049999999997,8.87217,-0.42437700000000006,-0.943264,-0.8852260000000001,-0.342582,-0.444824,-1.155055,-34.6561,16.8053,-24.9149
-0.720821,-2.2064049999999997,8.87217,-0.42437700000000006,-0.943264,-0.8852260000000001,-0.342582,-0.444824,-1.155055,-34.9284,16.1433,-24.4993
-0.720821,-2.2064049999999997,8.87217,-2.227687,-0.640012,-0.692261,-0.342582,-0.444824,-1.155055,-34.9284,16.1433,-24.4993
-2.332993,-2.0027880000000002,8.98955,-2.227687,-0.640012,-0.692261,-0.44162700000000005,-0.328739,-1.04962,-34.9284,16.1433,-24.4993
-2.332993,-2.0027880000000002,8.98955,-2.227687,-0.640012,-0.692261,-0.44162700000000005,-0.328739,-1.04962,-35.5213,15.370999999999999,-24.2973
-2.332993,-2.0027880000000002,8.98955,-4.407114,-0.20158399999999999,-1.397918,-0.44162700000000005,-0.328739,-1.04962,-35.5213,15.370999999999999,-24.2973
-3.9571419999999997,-1.8470799999999998,7.909178999999999,-4.407114,-0.20158399999999999,-1.397918,-0.44162700000000005,-0.328739,-1.04962,-35.5213,15.370999999999999,-24.2973
-3.9571419999999997,-1.8470799999999998,7.909178999999999,-4.407114,-0.20158399999999999,-1.397918,-0.5726220000000001,-0.27016399999999996,-0.854726,-35.9883,14.2098,-24.2815
-3.9571419999999997,-1.8470799999999998,7.909178999999999,-4.270308999999999,-0.305732,-1.314841,-0.5726220000000001,-0.27016399999999996,-0.854726,-35.9883,14.2098,-24.2815
-3.157045,-2.381277,9.341688000000001,-4.270308999999999,-0.305732,-1.314841,-0.5726220000000001,-0.27016399999999996,-0.854726,-35.9883,14.2098,-24.2815
-3.157045,-2.381277,9.341688000000001,-4.270308999999999,-0.305732,-1.314841,-0.6216119999999999,-0.5172439999999999,-0.8525959999999999,-35.9883,14.2098,-24.2815
-3.157045,-2.381277,9.341688000000001,-4.401854,-0.95495,1.2541010000000001,-0.6216119999999999,-0.5172439999999999,-0.8525959999999999,-36.6903,12.6346,-23.3503
-4.02182,-3.016084,11.756352,-4.401854,-0.95495,1.2541010000000001,-0.6216119999999999,-0.5172439999999999,-0.8525959999999999,-36.6903,12.6346,-23.3503
-4.02182,-3.016084,11.756352,-4.401854,-0.95495,1.2541010000000001,-0.354297,-0.362819,-0.8259700000000001,-36.6903,12.6346,-23.3503
-4.02182,-3.016084,11.756352,-4.401854,-0.95495,1.2541010000000001,-0.354297,-0.362819,-0.8259700000000001,-36.6903,12.6346,-23.3503
-5.054281,-3.14065,13.291867000000002,-5.990117,-1.117882,3.350643,-0.354297,-0.362819,-0.8259700000000001,-37.085,12.1324,-22.396
-5.054281,-3.14065,13.291867000000002,-5.990117,-1.117882,3.350643,0.038688,0.222931,-0.5181859999999999,-37.085,12.1324,-22.396
-5.054281,-3.14065,13.291867000000002,-5.990117,-1.117882,3.350643,0.038688,0.222931,-0.5181859999999999,-37.085,12.1324,-22.396
-4.989602,-2.307016,12.654664,-6.070248,-0.518338,3.2310209999999997,0.038688,0.222931,-0.5181859999999999,-37.84,11.4321,-22.3321
-4.989602,-2.307016,12.654664,-6.070248,-0.518338,3.2310209999999997,0.166488,0.384811,-0.305186,-37.84,11.4321,-22.3321
-4.294907,-1.674604,11.974342,-6.070248,-0.518338,3.2310209999999997,0.166488,0.384811,-0.305186,-37.84,11.4321,-22.3321
-4.294907,-1.674604,11.974342,-5.2194720000000006,0.18797,2.381743,0.166488,0.384811,-0.305186,-37.1963,11.4403,-22.4047
-4.294907,-1.674604,11.974342,-5.2194720000000006,0.18797,2.381743,0.268728,0.30493600000000004,-0.21572600000000003,-37.1963,11.4403,-22.4047
-4.215856,-1.226646,12.355227000000001,-5.011024,0.624792,2.672498,0.268728,0.30493600000000004,-0.21572600000000003,-37.1963,11.4403,-22.4047
-4.215856,-1.226646,12.355227000000001,-5.011024,0.624792,2.672498,0.268728,0.30493600000000004,-0.21572600000000003,-37.1963,11.4403,-22.4047
-4.215856,-1.226646,12.355227000000001,-5.011024,0.624792,2.672498,0.268728,0.30493600000000004,-0.21572600000000003,-37.1963,11.4403,-22.4047
-4.215856,-1.226646,12.355227000000001,-5.011024,0.624792,2.672498,0.268728,0.30493600000000004,-0.21572600000000003,-37.1963,11.4403,-22.4047
-4.335630999999999,-1.288929,12.51333,-4.950136,0.653165,2.760407,0.384813,0.318781,-0.134786,-36.406,10.9969,-22.9914
-4.335630999999999,-1.288929,12.51333,-4.950136,0.653165,2.760407,0.384813,0.318781,-0.134786,-36.406,10.9969,-22.9914
-4.335630999999999,-1.288929,12.51333,-4.950136,0.653165,2.760407,0.384813,0.318781,-0.134786,-36.406,10.9969,-22.9914
-3.192977,-1.219459,11.423377,-3.6811309999999997,0.405334,1.64792,0.035493000000000004,0.205891,0.227314,-36.406,10.9969,-22.9914
-3.192977,-1.219459,11.423377,-3.6811309999999997,0.405334,1.64792,0.035493000000000004,0.205891,0.227314,-37.0071,9.2934,-23.625999999999998
-3.192977,-1.219459,11.423377,-3.6811309999999997,0.405334,1.64792,0.035493000000000004,0.205891,0.227314,-37.0071,9.2934,-23.625999999999998
-2.182076,-1.686582,12.007878999999999,-2.736055,-0.011523,2.032623,-0.32660700000000004,0.14838099999999999,0.129334,-37.0071,9.2934,-23.625999999999998
-2.182076,-1.686582,12.007878999999999,-2.736055,-0.011523,2.032623,-0.32660700000000004,0.14838099999999999,0.129334,-37.0071,9.2934,-23.625999999999998
-2.182076,-1.686582,12.007878999999999,-2.736055,-0.011523,2.032623,-0.32660700000000004,0.14838099999999999,0.129334,-37.0071,9.2934,-23.625999999999998
-2.182076,-1.686582,12.007878999999999,-2.736055,-0.011523,2.032623,-0.32660700000000004,0.14838099999999999,0.129334,-37.0071,9.2934,-23.625999999999998
-2.182076,-1.686582,12.007878999999999,-2.736055,-0.011523,2.032623,-0.32660700000000004,0.14838099999999999,0.129334,-37.0071,9.2934,-23.625999999999998
-1.6957900000000001,-1.585971,12.77923,-2.240852,-0.08963,2.877459,-0.477837,0.35925100000000004,0.028158999999999997,-36.9341,9.8392,-23.654
-1.6957900000000001,-1.585971,12.77923,-2.240852,-0.08963,2.877459,-0.477837,0.35925100000000004,0.028158999999999997,-36.9341,9.8392,-23.654
-1.6957900000000001,-1.585971,12.77923,-2.240852,-0.08963,2.877459,-0.477837,0.35925100000000004,0.028158999999999997,-36.9341,9.8392,-23.654
-1.6957900000000001,-1.585971,12.77923,-2.240852,-0.08963,2.877459,-0.477837,0.35925100000000004,0.028158999999999997,-36.9341,9.8392,-23.654
-2.24915,-3.6868239999999997,14.151851999999998,-2.1400259999999998,-1.403349,4.311915,-0.686577,0.834241,0.137854,-36.2508,9.9029,-23.669
-2.24915,-3.6868239999999997,14.151851999999998,-2.1400259999999998,-1.403349,4.311915,-0.686577,0.834241,0.137854,-36.2508,9.9029,-23.669
-2.167703,-4.1347830000000005,11.979134,-2.1400259999999998,-1.403349,4.311915,-0.686577,0.834241,0.137854,-36.2508,9.9029,-23.669
-2.167703,-4.1347830000000005,11.979134,-1.726463,-1.863516,2.05174,0.055728,0.9694959999999999,0.486109,-35.2291,10.1866,-24.2468
-2.167703,-4.1347830000000005,11.979134,-1.726463,-1.863516,2.05174,0.055728,0.9694959999999999,0.486109,-35.2291,10.1866,-24.2468
-1.602365,-4.232998,9.787251,-1.726463,-1.863516,2.05174,0.055728,0.9694959999999999,0.486109,-35.2291,10.1866,-24.2468
-1.602365,-4.232998,9.787251,-0.73201,-1.8753549999999999,-0.254679,0.21973800000000002,0.42208599999999996,0.744904,-35.2291,10.1866,-24.2468
-1.602365,-4.232998,9.787251,-0.73201,-1.8753549999999999,-0.254679,0.21973800000000002,0.42208599999999996,0.744904,-34.8835,11.3247,-25.3477
-0.816641,-3.509557,8.41942,-0.73201,-1.8753549999999999,-0.254679,0.21973800000000002,0.42208599999999996,0.744904,-34.8835,11.3247,-25.3477
-0.816641,-3.509557,8.41942,-0.73201,-1.8753549999999999,-0.254679,0.21973800000000002,0.42208599999999996,0.744904,-34.8835,11.3247,-25.3477
-0.584278,-3.217306,8.831447,0.070884,-1.357251,-1.140625,0.320913,-0.280814,0.8897440000000001,-33.9524,12.3027,-26.7319
-0.584278,-3.217306,8.831447,0.070884,-1.357251,-1.140625,0.320913,-0.280814,0.8897440000000001,-33.9524,12.3027,-26.7319
-0.584278,-3.217306,8.831447,0.070884,-1.357251,-1.140625,0.320913,-0.280814,0.8897440000000001,-33.9524,12.3027,-26.7319
-0.584278,-3.217306,8.831447,0.070884,-1.357251,-1.140625,0.320913,-0.280814,0.8897440000000001,-33.9524,12.3027,-26.7319
-0.584278,-3.217306,8.831447,0.070884,-1.357251,-1.140625,0.320913,-0.280814,0.8897440000000001,-33.9524,12.3027,-26.7319
0.10323099999999999,-2.556148,8.472121000000001,0.666038,-0.653895,-1.216977,0.613788,-0.144494,1.111265,-33.3188,13.0362,-27.0103
0.10323099999999999,-2.556148,8.472121000000001,0.666038,-0.653895,-1.216977,0.613788,-0.144494,1.111265,-33.3188,13.0362,-27.0103
0.10323099999999999,-2.556148,8.472121000000001,0.666038,-0.653895,-1.216977,0.613788,-0.144494,1.111265,-33.3188,13.0362,-27.0103
2.022026,-1.236228,5.295689,2.906273,0.333986,-4.472773,0.626568,-0.370274,0.945124,-32.3851,13.8943,-27.2498
2.022026,-1.236228,5.295689,2.906273,0.333986,-4.472773,0.626568,-0.370274,0.945124,-32.3851,13.8943,-27.2498
0.881768,-1.147594,7.418102,1.605032,0.31027,-2.536947,0.17394300000000001,-0.25312399999999996,0.874835,-32.9334,14.2923,-26.9122
0.881768,-1.147594,7.418102,1.605032,0.31027,-2.536947,0.17394300000000001,-0.25312399999999996,0.874835,-32.9334,14.2923,-26.9122
0.881768,-1.147594,7.418102,1.605032,0.31027,-2.536947,0.17394300000000001,-0.25312399999999996,0.874835,-32.9334,14.2923,-26.9122
0.881768,-1.147594,7.418102,1.605032,0.31027,-2.536947,0.17394300000000001,-0.25312399999999996,0.874835,-32.9334,14.2923,-26.9122
1.820804,-1.264974,8.14873,2.299293,0.131002,-1.7231740000000002,0.17394300000000001,-0.25312399999999996,0.874835,-32.9334,14.2923,-26.9122
1.820804,-1.264974,8.14873,2.299293,0.131002,-1.7231740000000002,0.246363,0.475336,1.236934,-33.5886,15.0971,-27.2019
1.820804,-1.264974,8.14873,2.299293,0.131002,-1.7231740000000002,0.246363,0.475336,1.236934,-33.5886,15.0971,-27.2019
2.917943,-1.161967,7.779822,3.437706,0.130657,-1.86028,0.246363,0.475336,1.236934,-33.5886,15.0971,-27.2019
2.917943,-1.161967,7.779822,3.437706,0.130657,-1.86028,0.25488299999999997,0.49663599999999997,1.20605,-33.5473,16.5031,-27.1284
3.6054519999999997,-1.2002950000000001,7.053986,3.437706,0.130657,-1.86028,0.25488299999999997,0.49663599999999997,1.20605,-33.5473,16.5031,-27.1284
3.6054519999999997,-1.2002950000000001,7.053986,4.655211,-0.026246,-2.691525,0.25488299999999997,0.49663599999999997,1.20605,-33.5473,16.5031,-27.1284
3.6054519999999997,-1.2002950000000001,7.053986,4.655211,-0.026246,-2.691525,0.069573,0.078091,0.973879,-32.5949,17.4714,-27.3308
3.090419,-1.8518709999999998,8.227781,4.655211,-0.026246,-2.691525,0.069573,0.078091,0.973879,-32.5949,17.4714,-27.3308
3.090419,-1.8518709999999998,8.227781,4.655211,-0.026246,-2.691525,0.069573,0.078091,0.973879,-32.5949,17.4714,-27.3308
3.090419,-1.8518709999999998,8.227781,4.223221,-0.585505,-1.7404009999999999,0.049338,0.12495099999999999,0.946189,-32.5949,17.4714,-27.3308
3.387461,-1.720119,9.188376,4.223221,-0.585505,-1.7404009999999999,0.049338,0.12495099999999999,0.946189,-31.7011,18.2887,-27.7829
3.387461,-1.720119,9.188376,4.223221,-0.585505,-1.7404009999999999,0.049338,0.12495099999999999,0.946189,-31.7011,18.2887,-27.7829
3.387461,-1.720119,9.188376,4.597914,-0.67645,-0.591869,0.049338,0.12495099999999999,0.946189,-31.7011,18.2887,-27.7829
4.271401,-1.473382,8.984758,4.597914,-0.67645,-0.591869,0.104718,0.283636,0.903589,-30.689,19.314,-27.8502
4.271401,-1.473382,8.984758,4.597914,-0.67645,-0.591869,0.104718,0.283636,0.903589,-30.689,19.314,-27.8502
4.271401,-1.473382,8.984758,4.597914,-0.67645,-0.591869,0.104718,0.283636,0.903589,-30.689,19.314,-27.8502
5.10743,-1.066147,8.663761000000001,6.047985,-0.168206,-1.046838,0.034428,0.08341599999999999,0.758749,-29.9989,20.3443,-27.8815
5.10743,-1.066147,8.663761000000001,6.047985,-0.168206,-1.046838,0.034428,0.08341599999999999,0.758749,-29.9989,20.3443,-27.8815
5.10743,-1.066147,8.663761000000001,6.047985,-0.168206,-1.046838,0.034428,0.08341599999999999,0.758749,-29.9989,20.3443,-27.8815
5.612881,-0.656517,10.089084,6.697997999999999,0.317107,0.28922,-0.114672,-0.143429,0.487174,-29.7018,20.659000000000002,-28.3105
5.612881,-0.656517,10.089084,6.697997999999999,0.317107,0.28922,-0.114672,-0.143429,0.487174,-29.7018,20.659000000000002,-28.3105
5.612881,-0.656517,10.089084,6.697997999999999,0.317107,0.28922,-0.114672,-0.143429,0.487174,-29.7018,20.659000000000002,-28.3105
6.444119000000001,-0.388221,10.807734,7.2224960000000005,0.623915,1.06531,0.028038,-0.148754,0.335944,-29.6274,21.1162,-28.2207
6.444119000000001,-0.388221,10.807734,7.2224960000000005,0.623915,1.06531,0.028038,-0.148754,0.335944,-29.6274,21.1162,-28.2207
6.444119000000001,-0.388221,10.807734,7.2224960000000005,0.623915,1.06531,0.028038,-0.148754,0.335944,-29.6274,21.1162,-28.2207
6.178219,-0.8625299999999999,9.868698,7.184784,0.0996,0.151031,-0.011367,-0.29678899999999997,-0.15395599999999998,-29.6274,21.1162,-28.2207
6.178219,-0.8625299999999999,9.868698,7.184784,0.0996,0.151031,-0.011367,-0.29678899999999997,-0.15395599999999998,-30.0948,21.4226,-28.6556
5.248765000000001,-1.4087040000000002,10.242396000000001,7.184784,0.0996,0.151031,-0.011367,-0.29678899999999997,-0.15395599999999998,-30.0948,21.4226,-28.6556
5.248765000000001,-1.4087040000000002,10.242396000000001,7.184784,0.0996,0.151031,-0.011367,-0.29678899999999997,-0.15395599999999998,-30.0948,21.4226,-28.6556
5.248765000000001,-1.4087040000000002,10.242396000000001,6.127669999999999,-0.384278,0.31238299999999997,-0.183897,-0.596054,-0.485171,-30.0948,21.4226,-28.6556
4.685822,-1.957273,11.665322999999999,6.127669999999999,-0.384278,0.31238299999999997,-0.183897,-0.596054,-0.485171,-29.7439,22.2335,-28.8989
4.685822,-1.957273,11.665322999999999,6.127669999999999,-0.384278,0.31238299999999997,-0.183897,-0.596054,-0.485171,-29.7439,22.2335,-28.8989
4.685822,-1.957273,11.665322999999999,5.34567,-0.981141,2.017861,0.002478,-0.25951399999999997,-0.9441860000000001,-29.7439,22.2335,-28.8989
4.130066,-1.8614529999999998,11.672509,5.34567,-0.981141,2.017861,0.002478,-0.25951399999999997,-0.9441860000000001,-29.7439,22.2335,-28.8989
4.130066,-1.8614529999999998,11.672509,5.34567,-0.981141,2.017861,0.002478,-0.25951399999999997,-0.9441860000000001,-30.2761,21.5,-27.7674
4.130066,-1.8614529999999998,11.672509,3.939312,-0.9294290000000001,1.209396,0.293223,-0.287204,-1.3062850000000001,-30.2761,21.5,-27.7674
2.743072,-1.8566619999999998,10.067525,3.939312,-0.9294290000000001,1.209396,0.293223,-0.287204,-1.3062850000000001,-30.2761,21.5,-27.7674
2.743072,-1.8566619999999998,10.067525,3.939312,-0.9294290000000001,1.209396,0.293223,-0.287204,-1.3062850000000001,-31.6542,20.7818,-27.2433
2.743072,-1.8566619999999998,10.067525,1.757928,-1.087591,-0.016909999999999998,0.113238,-0.674864,-1.617266,-31.6542,20.7818,-27.2433
0.366736,-2.623222,9.897444,1.757928,-1.087591,-0.016909999999999998,0.113238,-0.674864,-1.617266,-31.6542,20.7818,-27.2433
0.366736,-2.623222,9.897444,1.757928,-1.087591,-0.016909999999999998,0.113238,-0.674864,-1.617266,-32.6562,19.0575,-26.6219
-1.4921719999999998,-3.075972,9.875884,-1.407249,-2.018693,0.158782,-0.15620699999999998,-0.531089,-1.493725,-32.6562,19.0575,-26.6219
-1.4921719999999998,-3.075972,9.875884,-1.407249,-2.018693,0.158782,-0.15620699999999998,-0.531089,-1.493725,-32.6562,19.0575,-26.6219
-1.4921719999999998,-3.075972,9.875884,-1.407249,-2.018693,0.158782,-0.15620699999999998,-0.531089,-1.493725,-32.6562,19.0575,-26.6219
-1.7173490000000002,-3.035248,9.983682,-1.8745189999999998,-2.0007509999999997,0.082176,-0.15620699999999998,-0.531089,-1.493725,-33.5002,17.5517,-25.9254
-1.7173490000000002,-3.035248,9.983682,-1.8745189999999998,-2.0007509999999997,0.082176,-0.37559699999999996,-0.378794,-1.314805,-33.5002,17.5517,-25.9254
-1.7173490000000002,-3.035248,9.983682,-1.8745189999999998,-2.0007509999999997,0.082176,-0.37559699999999996,-0.378794,-1.314805,-33.5002,17.5517,-25.9254
-2.2251950000000003,-2.73102,10.493922999999999,-2.639163,-1.490286,0.6698109999999999,-0.37559699999999996,-0.378794,-1.314805,-34.204,16.1025,-25.0739
-2.2251950000000003,-2.73102,10.493922999999999,-2.639163,-1.490286,0.6698109999999999,-0.148752,-0.193484,-1.166771,-34.204,16.1025,-25.0739
-2.2251950000000003,-2.73102,10.493922999999999,-2.639163,-1.490286,0.6698109999999999,-0.148752,-0.193484,-1.166771,-34.204,16.1025,-25.0739
-2.2251950000000003,-2.73102,10.493922999999999,-2.639163,-1.490286,0.6698109999999999,-0.148752,-0.193484,-1.166771,-34.204,16.1025,-25.0739
-2.2251950000000003,-2.73102,10.493922999999999,-2.639163,-1.490286,0.6698109999999999,-0.148752,-0.193484,-1.166771,-34.204,16.1025,-25.0739
-2.2251950000000003,-2.73102,10.493922999999999,-2.639163,-1.490286,0.6698109999999999,-0.066747,-0.20413399999999998,-1.166771,-34.204,16.1025,-25.0739
-2.709086,-2.558544,10.02201,-3.000559,-1.242843,0.41815399999999997,-0.066747,-0.20413399999999998,-1.166771,-34.9307,14.7969,-25.1351
-2.709086,-2.558544,10.02201,-3.000559,-1.242843,0.41815399999999997,-0.066747,-0.20413399999999998,-1.166771,-34.9307,14.7969,-25.1351
-2.709086,-2.558544,10.02201,-3.000559,-1.242843,0.41815399999999997,-0.066747,-0.20413399999999998,-1.166771,-34.9307,14.7969,-25.1351
-3.2528650000000003,-2.256711,9.792042,-3.8308800000000005,-1.1359629999999998,0.027449,0.111108,-0.071009,-1.012346,-36.04,12.0873,-24.5755
-3.2528650000000003,-2.256711,9.792042,-3.8308800000000005,-1.1359629999999998,0.027449,0.111108,-0.071009,-1.012346,-36.04,12.0873,-24.5755
-3.2528650000000003,-2.256711,9.792042,-3.8308800000000005,-1.1359629999999998,0.027449,0.111108,-0.071009,-1.012346,-36.04,12.0873,-24.5755
-2.840839,-1.952482,9.83037,-3.582262,-0.8743120000000001,-0.049944,0.111108,-0.071009,-1.012346,-36.04,12.0873,-24.5755
-2.840839,-1.952482,9.83037,-3.582262,-0.8743120000000001,-0.049944,0.111108,-0.071009,-1.012346,-36.04,12.0873,-24.5755
-2.840839,-1.952482,9.83037,-3.582262,-0.8743120000000001,-0.049944,0.111108,-0.071009,-1.012346,-36.04,12.0873,-24.5755
-2.840839,-1.952482,9.83037,-3.582262,-0.8743120000000001,-0.049944,0.077028,0.016321000000000002,-0.818516,-36.04,12.0873,-24.5755
-2.756996,-1.8806169999999998,9.806415,-3.4862629999999997,-0.805221,0.026198000000000003,0.077028,0.016321000000000002,-0.818516,-36.5263,10.8764,-24.346
-2.756996,-1.8806169999999998,9.806415,-3.4862629999999997,-0.805221,0.026198000000000003,0.077028,0.016321000000000002,-0.818516,-36.5263,10.8764,-24.346
-2.6539900000000003,-1.063752,9.626752999999999,-3.4862629999999997,-0.805221,0.026198000000000003,0.077028,0.016321000000000002,-0.818516,-36.5263,10.8764,-24.346
-2.6539900000000003,-1.063752,9.626752999999999,-3.21468,-0.058147000000000004,-0.149198,0.218673,0.099391,-0.552265,-36.2839,7.8621,-24.371
-2.6539900000000003,-1.063752,9.626752999999999,-3.21468,-0.058147000000000004,-0.149198,0.218673,0.099391,-0.552265,-36.2839,7.8621,-24.371
-2.388089,-0.9487680000000001,9.612378999999999,-3.21468,-0.058147000000000004,-0.149198,0.218673,0.099391,-0.552265,-36.2839,7.8621,-24.371
-2.388089,-0.9487680000000001,9.612378999999999,-2.8971669999999996,0.038613,-0.128897,0.157968,0.179266,-0.295601,-36.5551,7.1031,-24.2055
-2.388089,-0.9487680000000001,9.612378999999999,-2.8971669999999996,0.038613,-0.128897,0.157968,0.179266,-0.295601,-36.5551,7.1031,-24.2055
-2.2204040000000003,-0.8912760000000001,9.483023,-2.8971669999999996,0.038613,-0.128897,0.157968,0.179266,-0.295601,-36.5551,7.1031,-24.2055
-2.2204040000000003,-0.8912760000000001,9.483023,-2.525534,0.11123,-0.367814,0.143058,0.206956,-0.104966,-36.5551,7.1031,-24.2055
-2.2204040000000003,-0.8912760000000001,9.483023,-2.525534,0.11123,-0.367814,0.143058,0.206956,-0.104966,-37.1393,7.1715,-23.9401
-1.8371240000000002,-0.740359,9.502187,-2.525534,0.11123,-0.367814,0.143058,0.206956,-0.104966,-37.1393,7.1715,-23.9401
-1.8371240000000002,-0.740359,9.502187,-2.115463,0.29481199999999996,-0.351964,0.143058,0.206956,-0.104966,-37.1393,7.1715,-23.9401
-1.8371240000000002,-0.740359,9.502187,-2.115463,0.29481199999999996,-0.351964,0.093003,0.15051099999999998,0.066499,-37.1393,7.1715,-23.9401
-2.232382,-0.301983,7.283954,-2.115463,0.29481199999999996,-0.351964,0.093003,0.15051099999999998,0.066499,-36.4103,6.7793,-24.7218
-2.232382,-0.301983,7.283954,-1.801204,0.15579300000000001,1.011942,0.093003,0.15051099999999998,0.066499,-36.4103,6.7793,-24.7218
-1.281368,-0.833784,11.380258999999999,-1.801204,0.15579300000000001,1.011942,0.113238,-0.019888999999999997,0.066499,-36.4103,6.7793,-24.7218
-1.281368,-0.833784,11.380258999999999,-1.801204,0.15579300000000001,1.011942,0.113238,-0.019888999999999997,0.066499,-35.461999999999996,6.5567,-25.1367
-1.281368,-0.833784,11.380258999999999,-1.801204,0.15579300000000001,1.011942,0.113238,-0.019888999999999997,0.066499,-35.461999999999996,6.5567,-25.1367
-0.787895,-0.8505520000000001,9.823183,-1.144483,-0.024866,0.9552879999999999,0.372033,0.28470100000000004,0.068629,-35.461999999999996,6.5567,-25.1367
-0.787895,-0.8505520000000001,9.823183,-1.144483,-0.024866,0.9552879999999999,0.372033,0.28470100000000004,0.068629,-34.996,6.335,-24.9938
-0.787895,-0.8505520000000001,9.823183,-0.8261719999999999,0.009276999999999999,-1.105222,0.372033,0.28470100000000004,0.068629,-34.996,6.335,-24.9938
-0.608233,-0.6996359999999999,8.752395,-0.8261719999999999,0.009276999999999999,-1.105222,0.041883,0.10791099999999999,0.024964,-34.996,6.335,-24.9938
-0.608233,-0.6996359999999999,8.752395,-0.8261719999999999,0.009276999999999999,-1.105222,0.041883,0.10791099999999999,0.024964,-34.996,6.335,-24.9938
-0.608233,-0.6996359999999999,8.752395,-0.534884,0.041121,-0.632259,0.041883,0.10791099999999999,0.024964,-34.5702,6.0622,-25.5088
-0.457316,-0.599025,9.799228999999999,-0.534884,0.041121,-0.632259,-0.074202,0.077026,0.018574,-34.5702,6.0622,-25.5088
-0.457316,-0.599025,9.799228999999999,-0.534884,0.041121,-0.632259,-0.074202,0.077026,0.018574,-34.5702,6.0622,-25.5088
-0.457316,-0.599025,9.799228999999999,-0.676624,0.08819,0.534274,-0.074202,0.077026,0.018574,-34.5702,6.0622,-25.5088
-0.5052260000000001,-0.5846520000000001,10.455596,-0.676624,0.08819,0.534274,-0.074202,0.077026,0.018574,-34.8689,5.8277,-25.5653
-0.5052260000000001,-0.5846520000000001,10.455596,-0.676624,0.08819,0.534274,0.040818,0.127081,0.062238999999999996,-34.8689,5.8277,-25.5653
-0.5052260000000001,-0.5846520000000001,10.455596,-0.676624,0.08819,0.534274,0.040818,0.127081,0.062238999999999996,-34.8689,5.8277,-25.5653
-0.260885,-0.548719,10.067525,-0.399171,0.151625,0.497784,0.040818,0.127081,0.062238999999999996,-34.8537,6.1683,-25.8227
-0.260885,-0.548719,10.067525,-0.399171,0.151625,0.497784,0.028038,0.091936,0.072889,-34.8537,6.1683,-25.8227
-0.200998,-0.843366,9.792042,-0.247954,-0.138824,-0.177479,0.028038,0.091936,0.072889,-34.8537,6.1683,-25.8227
-0.200998,-0.843366,9.792042,-0.247954,-0.138824,-0.177479,0.028038,0.091936,0.072889,-34.8537,6.1683,-25.8227
-0.200998,-0.843366,9.792042,-0.247954,-0.138824,-0.177479,-0.055032000000000005,0.029101,0.093124,-34.7146,6.2902,-25.9979
-0.217766,-0.7188,10.093875,-0.247954,-0.138824,-0.177479,-0.055032000000000005,0.029101,0.093124,-34.7146,6.2902,-25.9979
-0.217766,-0.7188,10.093875,-0.214879,-0.035539,0.24427,-0.055032000000000005,0.029101,0.093124,-34.7146,6.2902,-25.9979
0.21342399999999997,-0.714009,10.434036,-0.214879,-0.035539,0.24427,0.017388,0.042946,0.082474,-34.7146,6.2902,-25.9979
0.21342399999999997,-0.714009,10.434036,-0.214879,-0.035539,0.24427,0.017388,0.042946,0.082474,-34.8425,6.7985,-26.1817
0.21342399999999997,-0.714009,10.434036,0.249875,-0.030956,0.5931890000000001,0.017388,0.042946,0.082474,-34.8425,6.7985,-26.1817
0.318826,-0.785874,10.251978,0.249875,-0.030956,0.5931890000000001,0.15903299999999998,0.019516,-0.005921,-34.8425,6.7985,-26.1817
0.318826,-0.785874,10.251978,0.249875,-0.030956,0.5931890000000001,0.15903299999999998,0.019516,-0.005921,-34.9864,7.0162,-26.3221
0.318826,-0.785874,10.251978,0.25938,-0.110394,0.372386,0.15903299999999998,0.019516,-0.005921,-34.9864,7.0162,-26.3221
0.160723,-0.721195,10.431641,0.25938,-0.110394,0.372386,0.250623,0.025906000000000002,-0.09112100000000001,-34.9864,7.0162,-26.3221
0.160723,-0.721195,10.431641,0.25938,-0.110394,0.372386,0.250623,0.025906000000000002,-0.09112100000000001,-34.9864,7.0162,-26.3221
0.160723,-0.721195,10.431641,0.212338,-0.148042,0.5186350000000001,0.250623,0.025906000000000002,-0.09112100000000001,-34.6624,6.8674,-26.2589
0.15353599999999998,-0.8170149999999999,10.496319,0.212338,-0.148042,0.5186350000000001,0.35286300000000004,0.122821,-0.134786,-34.6624,6.8674,-26.2589
0.15353599999999998,-0.8170149999999999,10.496319,0.212338,-0.148042,0.5186350000000001,0.35286300000000004,0.122821,-0.134786,-34.6624,6.8674,-26.2589
-0.143506,-0.8313879999999999,9.952539999999999,0.122324,-0.360482,0.438436,0.35286300000000004,0.122821,-0.134786,-34.6393,6.6465,-26.3325
-0.143506,-0.8313879999999999,9.952539999999999,0.122324,-0.360482,0.438436,0.35286300000000004,0.122821,-0.134786,-34.6393,6.6465,-26.3325
-0.143506,-0.8313879999999999,9.952539999999999,0.122324,-0.360482,0.438436,0.327303,0.15370599999999998,-0.06556100000000001,-34.6393,6.6465,-26.3325
-0.143506,-0.8313879999999999,9.952539999999999,-0.20410999999999999,-0.262752,-0.27818200000000004,0.327303,0.15370599999999998,-0.06556100000000001,-34.6393,6.6465,-26.3325
-0.033313,-0.560697,9.492604,-0.20410999999999999,-0.262752,-0.27818200000000004,0.327303,0.15370599999999998,-0.06556100000000001,-34.6567,6.4172,-26.7936
-0.033313,-0.560697,9.492604,-0.20410999999999999,-0.262752,-0.27818200000000004,0.186723,0.12175599999999999,0.045199,-34.6567,6.4172,-26.7936
-0.033313,-0.560697,9.492604,0.389473,-0.125648,-0.31252800000000003,0.186723,0.12175599999999999,0.045199,-34.6567,6.4172,-26.7936
0.22300599999999998,-0.301983,9.39918,0.389473,-0.125648,-0.31252800000000003,0.186723,0.12175599999999999,0.045199,-34.5907,5.9942,-26.9022
0.22300599999999998,-0.301983,9.39918,0.389473,-0.125648,-0.31252800000000003,0.096198,0.048271,0.06436900000000001,-34.5907,5.9942,-26.9022
0.22300599999999998,-0.301983,9.39918,0.389473,-0.125648,-0.31252800000000003,0.096198,0.048271,0.06436900000000001,-34.5907,5.9942,-26.9022
0.021784,-0.17023,9.336897,0.21337399999999998,0.114196,-0.5638770000000001,0.096198,0.048271,0.06436900000000001,-34.5907,5.9942,-26.9022
0.021784,-0.17023,9.336897,0.21337399999999998,0.114196,-0.5638770000000001,0.037623000000000004,-0.030539,0.075019,-34.202,5.48,-27.6265
0.199051,-0.031291,9.964518,0.21337399999999998,0.114196,-0.5638770000000001,0.037623000000000004,-0.030539,0.075019,-34.202,5.48,-27.6265
0.199051,-0.031291,9.964518,0.277627,0.263365,0.053124,0.037623000000000004,-0.030539,0.075019,-34.202,5.48,-27.6265
0.199051,-0.031291,9.964518,0.277627,0.263365,0.053124,0.089808,-0.036929000000000003,0.042004,-34.5409,5.2743,-27.2384
0.199051,-0.031291,9.964518,0.277627,0.263365,0.053124,0.089808,-0.036929000000000003,0.042004,-34.5409,5.2743,-27.2384
0.093649,-0.086388,9.724967999999999,0.21384699999999998,0.153395,-0.096349,0.089808,-0.036929000000000003,0.042004,-34.5409,5.2743,-27.2384
0.093649,-0.086388,9.724967999999999,0.21384699999999998,0.153395,-0.096349,0.089808,-0.036929000000000003,0.042004,-34.5409,5.2743,-27.2384
-0.5603229999999999,-0.060037,8.594292,0.21384699999999998,0.153395,-0.096349,0.085548,-0.08165900000000001,-0.048520999999999995,-34.3865,5.742999999999999,-27.4
-0.5603229999999999,-0.060037,8.594292,-0.520775,0.12762,-1.8758259999999998,0.085548,-0.08165900000000001,-0.048520999999999995,-34.3865,5.742999999999999,-27.4
-0.5603229999999999,-0.060037,8.594292,-0.520775,0.12762,-1.8758259999999998,0.085548,-0.08165900000000001,-0.048520999999999995,-34.3865,5.742999999999999,-27.4
-0.256094,-0.337915,10.762219,-0.520775,0.12762,-1.8758259999999998,0.081288,-0.128519,-0.043196,-34.689,5.8056,-27.2291
-0.256094,-0.337915,10.762219,-0.253952,-0.141322,0.8742120000000001,0.081288,-0.128519,-0.043196,-34.689,5.8056,-27.2291
-0.256094,-0.337915,10.762219,-0.253952,-0.141322,0.8742120000000001,0.081288,-0.128519,-0.043196,-34.689,5.8056,-27.2291
-0.337541,-0.16783499999999998,10.568184,-0.253952,-0.141322,0.8742120000000001,0.198438,0.047206,-0.001661,-34.6848,5.4968,-27.1658
-0.337541,-0.16783499999999998,10.568184,-0.043026,0.058994000000000005,0.151119,0.198438,0.047206,-0.001661,-34.6848,5.4968,-27.1658
-0.337541,-0.16783499999999998,10.568184,-0.043026,0.058994000000000005,0.151119,0.198438,0.047206,-0.001661,-34.6848,5.4968,-27.1658
0.9727969999999999,-0.42654899999999996,9.720177,-0.043026,0.058994000000000005,0.151119,0.244233,0.131341,-0.183776,-34.298,5.1609,-27.2733
0.9727969999999999,-0.42654899999999996,9.720177,0.634093,0.012563,0.027966,0.244233,0.131341,-0.183776,-34.298,5.1609,-27.2733
0.20863299999999999,-0.055246,10.441222,0.634093,0.012563,0.027966,0.244233,0.131341,-0.183776,-34.298,5.1609,-27.2733
